[2.05269788e-02 3.37489953e-04 2.96708094e-11 5.79839395e-03
 1.75696122e-10 9.05207611e-06 1.11713905e-07 4.93824712e-03
 4.84194863e-01 4.84194863e-01] [[ 1.00000000e+01  1.00000000e+01 -5.81874693e+00  6.06677849e-02
   3.80065503e-02  8.07429507e-05 -6.01120733e-05 -1.25466721e-07
   3.48549677e-08  3.90811175e-11 -6.73138525e-12]
 [ 1.00000000e+01  1.00000000e+01 -5.81874693e+00  6.06677849e-02
   3.80065503e-02  8.07429507e-05 -6.01120733e-05 -1.25466721e-07
   3.48566765e-08  3.90811175e-11 -6.73146763e-12]
 [ 1.00000000e+01  1.00000000e+01 -4.42452423e+00  6.06677849e-02
   3.80065503e-02  8.07429507e-05 -6.01120733e-05 -1.25466721e-07
   3.48549677e-08  3.90811175e-11 -6.73146763e-12]
 [ 1.00000000e+01  1.00000000e+01 -5.81874693e+00  6.06677849e-02
   3.80065503e-02  8.07429507e-05 -6.01120733e-05 -1.25466721e-07
   3.48549677e-08  3.90811175e-11 -6.73129398e-12]
 [ 1.00000000e+01  1.00000000e+01 -5.81874693e+00  3.64506669e-02
   3.80065503e-02  8.07429507e-05 -6.01120733e-05 -1.25466721e-07
   3.48549677e-08  3.90811175e-11 -6.73146763e-12]
 [ 1.00000000e+01  1.00000000e+01 -5.81874693e+00  6.06677849e-02
   3.80065503e-02  8.07429507e-05 -6.00909774e-05 -1.25466721e-07
   3.48549677e-08  3.90811175e-11 -6.73146763e-12]
 [ 1.00000000e+01 -1.00000000e+01 -5.81874693e+00  6.06677849e-02
   3.80065503e-02  8.07429507e-05 -6.01120733e-05 -1.25466721e-07
   3.48549677e-08  3.90811175e-11 -6.73146763e-12]
 [ 1.00000000e+01  1.00000000e+01 -5.81874693e+00  6.06677849e-02
   3.80065503e-02  8.07429507e-05 -6.01120733e-05 -1.25466721e-07
   3.48549677e-08  3.90811175e-11 -6.73127772e-12]
 [ 1.00000000e+01  1.00000000e+01 -5.81874693e+00  6.06677849e-02
   3.80065503e-02  8.07429507e-05 -6.01120733e-05 -1.25466721e-07
   3.48549677e-08  3.90811175e-11 -6.73146763e-12]
 [ 1.00000000e+01  1.00000000e+01 -5.81874693e+00  6.06677849e-02
   3.80065503e-02  8.07429507e-05 -6.01120733e-05 -1.25466721e-07
   3.48549677e-08  3.90811175e-11 -6.73146763e-12]] [8.63171004e-39 1.41916423e-40 1.24767423e-47 2.43825727e-39
 7.38812075e-47 3.80644892e-42 4.69763254e-44 2.07656069e-39
 2.03606663e-37 2.03606663e-37]
764565.9468409587 760820.515336356
781785.8349117258 753021.8704113092
5503703.332323397 4639763.836655336
766700.2075764134 759664.3907478628
3582929.4416734027 2010908.7496899732
884591.5473744755 729813.7968455111
1460850.2273986833 949144.575677967
767081.5204470286 759459.7420749429
762647.5707147417 761875.3007472988
762647.5707147417 761875.3007472988
