[3.48735263e-01 3.48834790e-01 1.50296486e-01 9.19471636e-21
 4.09297540e-11 4.12541310e-11 1.50968015e-01 2.24056596e-17
 1.16208606e-03 3.36008748e-06] [[-1.22513825e-02  6.03288886e-02 -6.31241451e+00  5.27771495e-02
   3.84514512e-02  8.13236610e-05 -6.01876916e-05 -1.25158557e-07
   3.48409638e-08  4.16149250e-11 -6.73242018e-12]
 [-1.22513825e-02  4.62313062e-02 -6.31241451e+00  5.27771495e-02
   3.84514512e-02  8.13236610e-05 -6.01876916e-05 -1.25158557e-07
   3.48409638e-08  4.16149250e-11 -6.73242018e-12]
 [-1.44322953e-02  5.80108955e-02 -6.31166121e+00  6.89715222e-02
   3.84514512e-02  8.13236610e-05 -6.01876916e-05 -1.25158557e-07
   3.48409638e-08  4.16149250e-11 -6.73242018e-12]
 [-1.22513825e-02  6.30684344e-02 -6.31241451e+00  5.27771495e-02
   3.84514512e-02  8.13236610e-05 -6.01876916e-05 -1.25158557e-07
   3.48409638e-08  1.53538522e-02 -6.73242018e-12]
 [-1.44322953e-02  6.72089787e-02 -6.31166121e+00  6.89715222e-02
   3.84514512e-02  8.13236610e-05 -2.29345207e-02 -1.25158557e-07
   3.48409638e-08  4.16149250e-11 -6.73242018e-12]
 [-1.22513825e-02  6.30684344e-02 -6.31241451e+00  6.89715222e-02
   3.84514512e-02  8.13236610e-05 -2.28444139e-02 -1.25158557e-07
   3.48409638e-08  4.16149250e-11 -6.73242018e-12]
 [-1.22513825e-02  6.30684344e-02 -6.33102568e+00  6.89715222e-02
   3.84514512e-02  8.13236610e-05 -6.01876916e-05 -1.25158557e-07
   3.48409638e-08  4.16149250e-11 -6.73242018e-12]
 [-1.22513825e-02  6.30684344e-02 -6.31241451e+00  6.89715222e-02
   3.84514512e-02  8.13236610e-05 -6.01876916e-05 -1.25158557e-07
   1.44593025e-02  4.16149250e-11 -6.73242018e-12]
 [-1.22513825e-02  6.30684344e-02 -6.31241451e+00  6.89715222e-02
   4.72955942e-02  8.13236610e-05 -6.01876916e-05 -1.25158557e-07
   3.48409638e-08  4.16149250e-11 -6.73242018e-12]
 [-1.22513825e-02  6.30684344e-02 -6.31241451e+00  6.89715222e-02
   3.84514512e-02 -3.59978163e-03 -6.01876916e-05 -1.25158557e-07
   3.48409638e-08  4.16149250e-11 -6.73242018e-12]] [1.63811318e-07 1.63858069e-07 7.05987264e-08 4.31903155e-27
 1.92259219e-17 1.93782914e-17 7.09141633e-08 1.05246042e-23
 5.45866360e-10 1.57833295e-12]
534739.6534001715 2784922.33227842
534575.0231970942 2784133.7836930766
1764530.0092595078 6200015.728907926
6.1688554589036065e+25 8.492241587738581e+25
1.389446504123048e+16 1.905932272166812e+16
1.378521375708037e+16 1.890946147372756e+16
1735844.9605642129 6182855.2047397895
2.5368520704613622e+22 3.482346439076736e+22
508289293.92151326 661830465.1091359
169842488845.92642 231868694352.01385
