[-1.74470806e-18  1.25000000e-01  6.53101089e-13  1.25000000e-01
  1.25000000e-01  1.25000000e-01  1.25000000e-01  1.25000000e-01
  1.25000000e-01  1.25000000e-01] [[ 1.00000000e+01  1.00000000e+01 -6.39176280e+00  6.06677849e-02
   3.80065503e-02  8.07429507e-05 -6.01026920e-05 -1.25466721e-07
   3.48549445e-08  3.90811175e-11 -6.73146763e-12]
 [ 1.00000000e+01  1.00000000e+01 -5.81874693e+00  6.06677849e-02
   3.80065503e-02  8.07429507e-05 -6.01120733e-05 -1.25466721e-07
   3.48549445e-08  3.90811175e-11 -6.73146763e-12]
 [ 1.00000000e+01  1.00000000e+01 -5.81874693e+00  6.06677849e-02
   3.80065503e-02  8.07429507e-05 -6.01026920e-05 -1.25466721e-07
   3.48549445e-08  3.90811175e-11 -6.73146763e-12]
 [ 1.00000000e+01  1.00000000e+01 -5.81874693e+00  6.06677849e-02
   3.80065503e-02  8.07429507e-05 -6.01120733e-05 -1.25466721e-07
   3.48549445e-08  3.90811175e-11 -6.73146763e-12]
 [ 1.00000000e+01  1.00000000e+01 -5.81874693e+00  6.06677849e-02
   3.80065503e-02  8.07429507e-05 -6.01120733e-05 -1.25466721e-07
   3.48549445e-08  3.90811175e-11 -6.73146763e-12]
 [ 1.00000000e+01  1.00000000e+01 -5.81874693e+00  6.06677849e-02
   3.80065503e-02  8.07429507e-05 -6.01120733e-05 -1.25466721e-07
   3.48549445e-08  3.90811175e-11 -6.73146763e-12]
 [ 1.00000000e+01  1.00000000e+01 -5.81874693e+00  6.06677849e-02
   3.80065503e-02  8.07429507e-05 -6.01120733e-05 -1.25466721e-07
   3.48549445e-08  3.90811175e-11 -6.73146763e-12]
 [ 1.00000000e+01  1.00000000e+01 -5.81874693e+00  6.06677849e-02
   3.80065503e-02  8.07429507e-05 -6.01120733e-05 -1.25466721e-07
   3.48549445e-08  3.90811175e-11 -6.73146763e-12]
 [ 1.00000000e+01  1.00000000e+01 -5.81874693e+00  6.06677849e-02
   3.80065503e-02  8.07429507e-05 -6.01120733e-05 -1.25466721e-07
   3.48549445e-08  3.90811175e-11 -6.73146763e-12]
 [ 1.00000000e+01  1.00000000e+01 -5.81874693e+00  6.06677849e-02
   3.80065503e-02  8.07429507e-05 -6.01120733e-05 -1.25466721e-07
   3.48549445e-08  3.90811175e-11 -6.73146763e-12]] [ 6.56686978e-43 -4.70484858e-26 -2.45819339e-37 -4.70484858e-26
 -4.70484858e-26 -4.70484858e-26 -4.70484858e-26 -4.70484858e-26
 -4.70484858e-26 -4.70484858e-26]
566492.2712471468 1396955.7784795365
762393.0420166405 762001.9743935282
813678.4391668446 743707.4035384655
762393.0420166405 762001.9743935282
762393.0420166405 762001.9743935282
762393.0420166405 762001.9743935282
762393.0420166405 762001.9743935282
762393.0420166405 762001.9743935282
762393.0420166405 762001.9743935282
762393.0420166405 762001.9743935282