[2.21189100e-12 1.61811458e-19 1.59754000e-09 5.00006461e-01
 9.76135567e-06 2.66554340e-06 9.94252691e-25 4.99981111e-01
 1.39253948e-22 1.15097417e-19] [[-1.22513825e-02  4.62313062e-02 -6.31241451e+00  5.27771495e-02
   3.84514512e-02  8.13236610e-05 -1.17863699e-01 -1.25158557e-07
   3.48409638e-08  4.16149250e-11 -6.73242018e-12]
 [-1.22513825e-02  4.62313062e-02 -6.31241451e+00  5.27771495e-02
   3.84514512e-02  8.13236610e-05 -6.01876916e-05 -1.25158557e-07
  -2.03701056e-01  4.16149250e-11 -6.73242018e-12]
 [-1.22513825e-02  4.62313062e-02 -6.31241451e+00  5.27771495e-02
   3.84514512e-02 -2.01189826e-01 -6.01876916e-05 -1.25158557e-07
   3.48409638e-08  4.16149250e-11 -6.73242018e-12]
 [-9.67968140e-02  4.62313062e-02 -6.31241451e+00  5.27771495e-02
   3.84514512e-02  8.13236610e-05 -6.01876916e-05 -1.25158557e-07
   3.48409638e-08  4.16149250e-11 -6.73242018e-12]
 [-1.22513825e-02  4.62313062e-02 -6.31241451e+00  5.27771495e-02
  -7.89789857e-02  8.13236610e-05 -6.01876916e-05 -1.25158557e-07
   3.48409638e-08  4.16149250e-11 -6.73242018e-12]
 [-1.22513825e-02  4.62313062e-02 -6.31241451e+00  5.27771495e-02
   2.63144578e-01  8.13236610e-05 -6.01876916e-05 -1.25158557e-07
   3.48409638e-08  4.16149250e-11 -6.73242018e-12]
 [-1.22513825e-02  4.62313062e-02 -6.31241451e+00  5.27771495e-02
   3.84514512e-02  8.13236610e-05 -6.01876916e-05 -1.25158557e-07
   3.48409638e-08  4.16149250e-11 -3.79197431e-02]
 [ 8.69781960e-02  4.62313062e-02 -6.31241451e+00  5.27771495e-02
   3.84514512e-02  8.13236610e-05 -6.01876916e-05 -1.25158557e-07
   3.48409638e-08  4.16149250e-11 -6.73242018e-12]
 [-1.22513825e-02  4.62313062e-02 -6.31241451e+00  5.27771495e-02
   3.84514512e-02  8.13236610e-05 -6.01876916e-05 -1.25158557e-07
   3.48409638e-08 -1.49367322e-01 -6.73242018e-12]
 [-1.22513825e-02  4.62313062e-02 -6.31241451e+00  5.27771495e-02
   3.84514512e-02  8.13236610e-05 -6.01876916e-05 -1.25158557e-07
   2.41526766e-01  4.16149250e-11 -6.73242018e-12]] [7.24879979e-19 5.30287824e-26 5.23545130e-16 1.63861905e-07
 3.19898733e-12 8.73550749e-13 3.25836069e-31 1.63853597e-07
 4.56362447e-29 3.77196766e-26]
[3.91081557e-24 1.24999916e-01 1.24999916e-01 1.24999916e-01
 6.71611711e-07 1.24999916e-01 1.24999916e-01 1.24999916e-01
 1.24999916e-01 1.24999916e-01] [[ 8.69781960e-02  4.62313062e-02 -6.31241451e+00  5.27771495e-02
   3.84514512e-02  8.13236610e-05 -6.01876916e-05 -1.25158557e-07
   3.48409638e-08  4.16149250e-11 -9.55976373e-03]
 [-9.67968140e-02  4.62313062e-02 -6.31241451e+00  5.27771495e-02
   3.84514512e-02  8.13236610e-05 -6.01876916e-05 -1.25158557e-07
   3.48409638e-08  4.16149250e-11 -6.73242018e-12]
 [-9.67968140e-02  4.62313062e-02 -6.31241451e+00  5.27771495e-02
   3.84514512e-02  8.13236610e-05 -6.01876916e-05 -1.25158557e-07
   3.48409638e-08  4.16149250e-11 -6.73242018e-12]
 [-9.67968140e-02  4.62313062e-02 -6.31241451e+00  5.27771495e-02
   3.84514512e-02  8.13236610e-05 -6.01876916e-05 -1.25158557e-07
   3.48409638e-08  4.16149250e-11 -6.73242018e-12]
 [ 8.69781960e-02  4.62313062e-02 -6.31241451e+00  5.27771495e-02
   2.62267104e-01  8.13236610e-05 -6.01876916e-05 -1.25158557e-07
   3.48409638e-08  4.16149250e-11 -6.73242018e-12]
 [-9.67968140e-02  4.62313062e-02 -6.31241451e+00  5.27771495e-02
   3.84514512e-02  8.13236610e-05 -6.01876916e-05 -1.25158557e-07
   3.48409638e-08  4.16149250e-11 -6.73242018e-12]
 [-9.67968140e-02  4.62313062e-02 -6.31241451e+00  5.27771495e-02
   3.84514512e-02  8.13236610e-05 -6.01876916e-05 -1.25158557e-07
   3.48409638e-08  4.16149250e-11 -6.73242018e-12]
 [-9.67968140e-02  4.62313062e-02 -6.31241451e+00  5.27771495e-02
   3.84514512e-02  8.13236610e-05 -6.01876916e-05 -1.25158557e-07
   3.48409638e-08  4.16149250e-11 -6.73242018e-12]
 [-9.67968140e-02  4.62313062e-02 -6.31241451e+00  5.27771495e-02
   3.84514512e-02  8.13236610e-05 -6.01876916e-05 -1.25158557e-07
   3.48409638e-08  4.16149250e-11 -6.73242018e-12]
 [-9.67968140e-02  4.62313062e-02 -6.31241451e+00  5.27771495e-02
   3.84514512e-02  8.13236610e-05 -6.01876916e-05 -1.25158557e-07
   3.48409638e-08  4.16149250e-11 -6.73242018e-12]] [5.12667295e-30 1.63861905e-07 1.63861905e-07 1.63861905e-07
 8.80413185e-13 1.63861905e-07 1.63861905e-07 1.63861905e-07
 1.63861905e-07 1.63861905e-07]
[0.1 0.1 0.1 0.1 0.1 0.1 0.1 0.1 0.1 0.1] [[-9.67968140e-02  4.62313062e-02 -6.31241451e+00  5.27771495e-02
   3.84514512e-02  8.13236610e-05 -6.01876916e-05 -1.25158557e-07
   3.48409638e-08  4.16149250e-11 -6.73242018e-12]
 [-9.67968140e-02  4.62313062e-02 -6.31241451e+00  5.27771495e-02
   3.84514512e-02  8.13236610e-05 -6.01876916e-05 -1.25158557e-07
   3.48409638e-08  4.16149250e-11 -6.73242018e-12]
 [-9.67968140e-02  4.62313062e-02 -6.31241451e+00  5.27771495e-02
   3.84514512e-02  8.13236610e-05 -6.01876916e-05 -1.25158557e-07
   3.48409638e-08  4.16149250e-11 -6.73242018e-12]
 [-9.67968140e-02  4.62313062e-02 -6.31241451e+00  5.27771495e-02
   3.84514512e-02  8.13236610e-05 -6.01876916e-05 -1.25158557e-07
   3.48409638e-08  4.16149250e-11 -6.73242018e-12]
 [-9.67968140e-02  4.62313062e-02 -6.31241451e+00  5.27771495e-02
   3.84514512e-02  8.13236610e-05 -6.01876916e-05 -1.25158557e-07
   3.48409638e-08  4.16149250e-11 -6.73242018e-12]
 [-9.67968140e-02  4.62313062e-02 -6.31241451e+00  5.27771495e-02
   3.84514512e-02  8.13236610e-05 -6.01876916e-05 -1.25158557e-07
   3.48409638e-08  4.16149250e-11 -6.73242018e-12]
 [-9.67968140e-02  4.62313062e-02 -6.31241451e+00  5.27771495e-02
   3.84514512e-02  8.13236610e-05 -6.01876916e-05 -1.25158557e-07
   3.48409638e-08  4.16149250e-11 -6.73242018e-12]
 [-9.67968140e-02  4.62313062e-02 -6.31241451e+00  5.27771495e-02
   3.84514512e-02  8.13236610e-05 -6.01876916e-05 -1.25158557e-07
   3.48409638e-08  4.16149250e-11 -6.73242018e-12]
 [-9.67968140e-02  4.62313062e-02 -6.31241451e+00  5.27771495e-02
   3.84514512e-02  8.13236610e-05 -6.01876916e-05 -1.25158557e-07
   3.48409638e-08  4.16149250e-11 -6.73242018e-12]
 [-9.67968140e-02  4.62313062e-02 -6.31241451e+00  5.27771495e-02
   3.84514512e-02  8.13236610e-05 -6.01876916e-05 -1.25158557e-07
   3.48409638e-08  4.16149250e-11 -6.73242018e-12]] [1.63861905e-07 1.63861905e-07 1.63861905e-07 1.63861905e-07
 1.63861905e-07 1.63861905e-07 1.63861905e-07 1.63861905e-07
 1.63861905e-07 1.63861905e-07]
[0.1 0.1 0.1 0.1 0.1 0.1 0.1 0.1 0.1 0.1] [[-9.67968140e-02  4.62313062e-02 -6.31241451e+00  5.27771495e-02
   3.84514512e-02  8.13236610e-05 -6.01876916e-05 -1.25158557e-07
   3.48409638e-08  4.16149250e-11 -6.73242018e-12]
 [-9.67968140e-02  4.62313062e-02 -6.31241451e+00  5.27771495e-02
   3.84514512e-02  8.13236610e-05 -6.01876916e-05 -1.25158557e-07
   3.48409638e-08  4.16149250e-11 -6.73242018e-12]
 [-9.67968140e-02  4.62313062e-02 -6.31241451e+00  5.27771495e-02
   3.84514512e-02  8.13236610e-05 -6.01876916e-05 -1.25158557e-07
   3.48409638e-08  4.16149250e-11 -6.73242018e-12]
 [-9.67968140e-02  4.62313062e-02 -6.31241451e+00  5.27771495e-02
   3.84514512e-02  8.13236610e-05 -6.01876916e-05 -1.25158557e-07
   3.48409638e-08  4.16149250e-11 -6.73242018e-12]
 [-9.67968140e-02  4.62313062e-02 -6.31241451e+00  5.27771495e-02
   3.84514512e-02  8.13236610e-05 -6.01876916e-05 -1.25158557e-07
   3.48409638e-08  4.16149250e-11 -6.73242018e-12]
 [-9.67968140e-02  4.62313062e-02 -6.31241451e+00  5.27771495e-02
   3.84514512e-02  8.13236610e-05 -6.01876916e-05 -1.25158557e-07
   3.48409638e-08  4.16149250e-11 -6.73242018e-12]
 [-9.67968140e-02  4.62313062e-02 -6.31241451e+00  5.27771495e-02
   3.84514512e-02  8.13236610e-05 -6.01876916e-05 -1.25158557e-07
   3.48409638e-08  4.16149250e-11 -6.73242018e-12]
 [-9.67968140e-02  4.62313062e-02 -6.31241451e+00  5.27771495e-02
   3.84514512e-02  8.13236610e-05 -6.01876916e-05 -1.25158557e-07
   3.48409638e-08  4.16149250e-11 -6.73242018e-12]
 [-9.67968140e-02  4.62313062e-02 -6.31241451e+00  5.27771495e-02
   3.84514512e-02  8.13236610e-05 -6.01876916e-05 -1.25158557e-07
   3.48409638e-08  4.16149250e-11 -6.73242018e-12]
 [-9.67968140e-02  4.62313062e-02 -6.31241451e+00  5.27771495e-02
   3.84514512e-02  8.13236610e-05 -6.01876916e-05 -1.25158557e-07
   3.48409638e-08  4.16149250e-11 -6.73242018e-12]] [1.63861905e-07 1.63861905e-07 1.63861905e-07 1.63861905e-07
 1.63861905e-07 1.63861905e-07 1.63861905e-07 1.63861905e-07
 1.63861905e-07 1.63861905e-07]
[0.1 0.1 0.1 0.1 0.1 0.1 0.1 0.1 0.1 0.1] [[-9.67968140e-02  4.62313062e-02 -6.31241451e+00  5.27771495e-02
   3.84514512e-02  8.13236610e-05 -6.01876916e-05 -1.25158557e-07
   3.48409638e-08  4.16149250e-11 -6.73242018e-12]
 [-9.67968140e-02  4.62313062e-02 -6.31241451e+00  5.27771495e-02
   3.84514512e-02  8.13236610e-05 -6.01876916e-05 -1.25158557e-07
   3.48409638e-08  4.16149250e-11 -6.73242018e-12]
 [-9.67968140e-02  4.62313062e-02 -6.31241451e+00  5.27771495e-02
   3.84514512e-02  8.13236610e-05 -6.01876916e-05 -1.25158557e-07
   3.48409638e-08  4.16149250e-11 -6.73242018e-12]
 [-9.67968140e-02  4.62313062e-02 -6.31241451e+00  5.27771495e-02
   3.84514512e-02  8.13236610e-05 -6.01876916e-05 -1.25158557e-07
   3.48409638e-08  4.16149250e-11 -6.73242018e-12]
 [-9.67968140e-02  4.62313062e-02 -6.31241451e+00  5.27771495e-02
   3.84514512e-02  8.13236610e-05 -6.01876916e-05 -1.25158557e-07
   3.48409638e-08  4.16149250e-11 -6.73242018e-12]
 [-9.67968140e-02  4.62313062e-02 -6.31241451e+00  5.27771495e-02
   3.84514512e-02  8.13236610e-05 -6.01876916e-05 -1.25158557e-07
   3.48409638e-08  4.16149250e-11 -6.73242018e-12]
 [-9.67968140e-02  4.62313062e-02 -6.31241451e+00  5.27771495e-02
   3.84514512e-02  8.13236610e-05 -6.01876916e-05 -1.25158557e-07
   3.48409638e-08  4.16149250e-11 -6.73242018e-12]
 [-9.67968140e-02  4.62313062e-02 -6.31241451e+00  5.27771495e-02
   3.84514512e-02  8.13236610e-05 -6.01876916e-05 -1.25158557e-07
   3.48409638e-08  4.16149250e-11 -6.73242018e-12]
 [-9.67968140e-02  4.62313062e-02 -6.31241451e+00  5.27771495e-02
   3.84514512e-02  8.13236610e-05 -6.01876916e-05 -1.25158557e-07
   3.48409638e-08  4.16149250e-11 -6.73242018e-12]
 [-9.67968140e-02  4.62313062e-02 -6.31241451e+00  5.27771495e-02
   3.84514512e-02  8.13236610e-05 -6.01876916e-05 -1.25158557e-07
   3.48409638e-08  4.16149250e-11 -6.73242018e-12]] [1.63861905e-07 1.63861905e-07 1.63861905e-07 1.63861905e-07
 1.63861905e-07 1.63861905e-07 1.63861905e-07 1.63861905e-07
 1.63861905e-07 1.63861905e-07]
[0.1 0.1 0.1 0.1 0.1 0.1 0.1 0.1 0.1 0.1] [[-9.67968140e-02  4.62313062e-02 -6.31241451e+00  5.27771495e-02
   3.84514512e-02  8.13236610e-05 -6.01876916e-05 -1.25158557e-07
   3.48409638e-08  4.16149250e-11 -6.73242018e-12]
 [-9.67968140e-02  4.62313062e-02 -6.31241451e+00  5.27771495e-02
   3.84514512e-02  8.13236610e-05 -6.01876916e-05 -1.25158557e-07
   3.48409638e-08  4.16149250e-11 -6.73242018e-12]
 [-9.67968140e-02  4.62313062e-02 -6.31241451e+00  5.27771495e-02
   3.84514512e-02  8.13236610e-05 -6.01876916e-05 -1.25158557e-07
   3.48409638e-08  4.16149250e-11 -6.73242018e-12]
 [-9.67968140e-02  4.62313062e-02 -6.31241451e+00  5.27771495e-02
   3.84514512e-02  8.13236610e-05 -6.01876916e-05 -1.25158557e-07
   3.48409638e-08  4.16149250e-11 -6.73242018e-12]
 [-9.67968140e-02  4.62313062e-02 -6.31241451e+00  5.27771495e-02
   3.84514512e-02  8.13236610e-05 -6.01876916e-05 -1.25158557e-07
   3.48409638e-08  4.16149250e-11 -6.73242018e-12]
 [-9.67968140e-02  4.62313062e-02 -6.31241451e+00  5.27771495e-02
   3.84514512e-02  8.13236610e-05 -6.01876916e-05 -1.25158557e-07
   3.48409638e-08  4.16149250e-11 -6.73242018e-12]
 [-9.67968140e-02  4.62313062e-02 -6.31241451e+00  5.27771495e-02
   3.84514512e-02  8.13236610e-05 -6.01876916e-05 -1.25158557e-07
   3.48409638e-08  4.16149250e-11 -6.73242018e-12]
 [-9.67968140e-02  4.62313062e-02 -6.31241451e+00  5.27771495e-02
   3.84514512e-02  8.13236610e-05 -6.01876916e-05 -1.25158557e-07
   3.48409638e-08  4.16149250e-11 -6.73242018e-12]
 [-9.67968140e-02  4.62313062e-02 -6.31241451e+00  5.27771495e-02
   3.84514512e-02  8.13236610e-05 -6.01876916e-05 -1.25158557e-07
   3.48409638e-08  4.16149250e-11 -6.73242018e-12]
 [-9.67968140e-02  4.62313062e-02 -6.31241451e+00  5.27771495e-02
   3.84514512e-02  8.13236610e-05 -6.01876916e-05 -1.25158557e-07
   3.48409638e-08  4.16149250e-11 -6.73242018e-12]] [1.63861905e-07 1.63861905e-07 1.63861905e-07 1.63861905e-07
 1.63861905e-07 1.63861905e-07 1.63861905e-07 1.63861905e-07
 1.63861905e-07 1.63861905e-07]
[0.1 0.1 0.1 0.1 0.1 0.1 0.1 0.1 0.1 0.1] [[-9.67968140e-02  4.62313062e-02 -6.31241451e+00  5.27771495e-02
   3.84514512e-02  8.13236610e-05 -6.01876916e-05 -1.25158557e-07
   3.48409638e-08  4.16149250e-11 -6.73242018e-12]
 [-9.67968140e-02  4.62313062e-02 -6.31241451e+00  5.27771495e-02
   3.84514512e-02  8.13236610e-05 -6.01876916e-05 -1.25158557e-07
   3.48409638e-08  4.16149250e-11 -6.73242018e-12]
 [-9.67968140e-02  4.62313062e-02 -6.31241451e+00  5.27771495e-02
   3.84514512e-02  8.13236610e-05 -6.01876916e-05 -1.25158557e-07
   3.48409638e-08  4.16149250e-11 -6.73242018e-12]
 [-9.67968140e-02  4.62313062e-02 -6.31241451e+00  5.27771495e-02
   3.84514512e-02  8.13236610e-05 -6.01876916e-05 -1.25158557e-07
   3.48409638e-08  4.16149250e-11 -6.73242018e-12]
 [-9.67968140e-02  4.62313062e-02 -6.31241451e+00  5.27771495e-02
   3.84514512e-02  8.13236610e-05 -6.01876916e-05 -1.25158557e-07
   3.48409638e-08  4.16149250e-11 -6.73242018e-12]
 [-9.67968140e-02  4.62313062e-02 -6.31241451e+00  5.27771495e-02
   3.84514512e-02  8.13236610e-05 -6.01876916e-05 -1.25158557e-07
   3.48409638e-08  4.16149250e-11 -6.73242018e-12]
 [-9.67968140e-02  4.62313062e-02 -6.31241451e+00  5.27771495e-02
   3.84514512e-02  8.13236610e-05 -6.01876916e-05 -1.25158557e-07
   3.48409638e-08  4.16149250e-11 -6.73242018e-12]
 [-9.67968140e-02  4.62313062e-02 -6.31241451e+00  5.27771495e-02
   3.84514512e-02  8.13236610e-05 -6.01876916e-05 -1.25158557e-07
   3.48409638e-08  4.16149250e-11 -6.73242018e-12]
 [-9.67968140e-02  4.62313062e-02 -6.31241451e+00  5.27771495e-02
   3.84514512e-02  8.13236610e-05 -6.01876916e-05 -1.25158557e-07
   3.48409638e-08  4.16149250e-11 -6.73242018e-12]
 [-9.67968140e-02  4.62313062e-02 -6.31241451e+00  5.27771495e-02
   3.84514512e-02  8.13236610e-05 -6.01876916e-05 -1.25158557e-07
   3.48409638e-08  4.16149250e-11 -6.73242018e-12]] [1.63861905e-07 1.63861905e-07 1.63861905e-07 1.63861905e-07
 1.63861905e-07 1.63861905e-07 1.63861905e-07 1.63861905e-07
 1.63861905e-07 1.63861905e-07]
[0.1 0.1 0.1 0.1 0.1 0.1 0.1 0.1 0.1 0.1] [[-9.67968140e-02  4.62313062e-02 -6.31241451e+00  5.27771495e-02
   3.84514512e-02  8.13236610e-05 -6.01876916e-05 -1.25158557e-07
   3.48409638e-08  4.16149250e-11 -6.73242018e-12]
 [-9.67968140e-02  4.62313062e-02 -6.31241451e+00  5.27771495e-02
   3.84514512e-02  8.13236610e-05 -6.01876916e-05 -1.25158557e-07
   3.48409638e-08  4.16149250e-11 -6.73242018e-12]
 [-9.67968140e-02  4.62313062e-02 -6.31241451e+00  5.27771495e-02
   3.84514512e-02  8.13236610e-05 -6.01876916e-05 -1.25158557e-07
   3.48409638e-08  4.16149250e-11 -6.73242018e-12]
 [-9.67968140e-02  4.62313062e-02 -6.31241451e+00  5.27771495e-02
   3.84514512e-02  8.13236610e-05 -6.01876916e-05 -1.25158557e-07
   3.48409638e-08  4.16149250e-11 -6.73242018e-12]
 [-9.67968140e-02  4.62313062e-02 -6.31241451e+00  5.27771495e-02
   3.84514512e-02  8.13236610e-05 -6.01876916e-05 -1.25158557e-07
   3.48409638e-08  4.16149250e-11 -6.73242018e-12]
 [-9.67968140e-02  4.62313062e-02 -6.31241451e+00  5.27771495e-02
   3.84514512e-02  8.13236610e-05 -6.01876916e-05 -1.25158557e-07
   3.48409638e-08  4.16149250e-11 -6.73242018e-12]
 [-9.67968140e-02  4.62313062e-02 -6.31241451e+00  5.27771495e-02
   3.84514512e-02  8.13236610e-05 -6.01876916e-05 -1.25158557e-07
   3.48409638e-08  4.16149250e-11 -6.73242018e-12]
 [-9.67968140e-02  4.62313062e-02 -6.31241451e+00  5.27771495e-02
   3.84514512e-02  8.13236610e-05 -6.01876916e-05 -1.25158557e-07
   3.48409638e-08  4.16149250e-11 -6.73242018e-12]
 [-9.67968140e-02  4.62313062e-02 -6.31241451e+00  5.27771495e-02
   3.84514512e-02  8.13236610e-05 -6.01876916e-05 -1.25158557e-07
   3.48409638e-08  4.16149250e-11 -6.73242018e-12]
 [-9.67968140e-02  4.62313062e-02 -6.31241451e+00  5.27771495e-02
   3.84514512e-02  8.13236610e-05 -6.01876916e-05 -1.25158557e-07
   3.48409638e-08  4.16149250e-11 -6.73242018e-12]] [1.63861905e-07 1.63861905e-07 1.63861905e-07 1.63861905e-07
 1.63861905e-07 1.63861905e-07 1.63861905e-07 1.63861905e-07
 1.63861905e-07 1.63861905e-07]
[0.1 0.1 0.1 0.1 0.1 0.1 0.1 0.1 0.1 0.1] [[-9.67968140e-02  4.62313062e-02 -6.31241451e+00  5.27771495e-02
   3.84514512e-02  8.13236610e-05 -6.01876916e-05 -1.25158557e-07
   3.48409638e-08  4.16149250e-11 -6.73242018e-12]
 [-9.67968140e-02  4.62313062e-02 -6.31241451e+00  5.27771495e-02
   3.84514512e-02  8.13236610e-05 -6.01876916e-05 -1.25158557e-07
   3.48409638e-08  4.16149250e-11 -6.73242018e-12]
 [-9.67968140e-02  4.62313062e-02 -6.31241451e+00  5.27771495e-02
   3.84514512e-02  8.13236610e-05 -6.01876916e-05 -1.25158557e-07
   3.48409638e-08  4.16149250e-11 -6.73242018e-12]
 [-9.67968140e-02  4.62313062e-02 -6.31241451e+00  5.27771495e-02
   3.84514512e-02  8.13236610e-05 -6.01876916e-05 -1.25158557e-07
   3.48409638e-08  4.16149250e-11 -6.73242018e-12]
 [-9.67968140e-02  4.62313062e-02 -6.31241451e+00  5.27771495e-02
   3.84514512e-02  8.13236610e-05 -6.01876916e-05 -1.25158557e-07
   3.48409638e-08  4.16149250e-11 -6.73242018e-12]
 [-9.67968140e-02  4.62313062e-02 -6.31241451e+00  5.27771495e-02
   3.84514512e-02  8.13236610e-05 -6.01876916e-05 -1.25158557e-07
   3.48409638e-08  4.16149250e-11 -6.73242018e-12]
 [-9.67968140e-02  4.62313062e-02 -6.31241451e+00  5.27771495e-02
   3.84514512e-02  8.13236610e-05 -6.01876916e-05 -1.25158557e-07
   3.48409638e-08  4.16149250e-11 -6.73242018e-12]
 [-9.67968140e-02  4.62313062e-02 -6.31241451e+00  5.27771495e-02
   3.84514512e-02  8.13236610e-05 -6.01876916e-05 -1.25158557e-07
   3.48409638e-08  4.16149250e-11 -6.73242018e-12]
 [-9.67968140e-02  4.62313062e-02 -6.31241451e+00  5.27771495e-02
   3.84514512e-02  8.13236610e-05 -6.01876916e-05 -1.25158557e-07
   3.48409638e-08  4.16149250e-11 -6.73242018e-12]
 [-9.67968140e-02  4.62313062e-02 -6.31241451e+00  5.27771495e-02
   3.84514512e-02  8.13236610e-05 -6.01876916e-05 -1.25158557e-07
   3.48409638e-08  4.16149250e-11 -6.73242018e-12]] [1.63861905e-07 1.63861905e-07 1.63861905e-07 1.63861905e-07
 1.63861905e-07 1.63861905e-07 1.63861905e-07 1.63861905e-07
 1.63861905e-07 1.63861905e-07]
[0.1 0.1 0.1 0.1 0.1 0.1 0.1 0.1 0.1 0.1] [[-9.67968140e-02  4.62313062e-02 -6.31241451e+00  5.27771495e-02
   3.84514512e-02  8.13236610e-05 -6.01876916e-05 -1.25158557e-07
   3.48409638e-08  4.16149250e-11 -6.73242018e-12]
 [-9.67968140e-02  4.62313062e-02 -6.31241451e+00  5.27771495e-02
   3.84514512e-02  8.13236610e-05 -6.01876916e-05 -1.25158557e-07
   3.48409638e-08  4.16149250e-11 -6.73242018e-12]
 [-9.67968140e-02  4.62313062e-02 -6.31241451e+00  5.27771495e-02
   3.84514512e-02  8.13236610e-05 -6.01876916e-05 -1.25158557e-07
   3.48409638e-08  4.16149250e-11 -6.73242018e-12]
 [-9.67968140e-02  4.62313062e-02 -6.31241451e+00  5.27771495e-02
   3.84514512e-02  8.13236610e-05 -6.01876916e-05 -1.25158557e-07
   3.48409638e-08  4.16149250e-11 -6.73242018e-12]
 [-9.67968140e-02  4.62313062e-02 -6.31241451e+00  5.27771495e-02
   3.84514512e-02  8.13236610e-05 -6.01876916e-05 -1.25158557e-07
   3.48409638e-08  4.16149250e-11 -6.73242018e-12]
 [-9.67968140e-02  4.62313062e-02 -6.31241451e+00  5.27771495e-02
   3.84514512e-02  8.13236610e-05 -6.01876916e-05 -1.25158557e-07
   3.48409638e-08  4.16149250e-11 -6.73242018e-12]
 [-9.67968140e-02  4.62313062e-02 -6.31241451e+00  5.27771495e-02
   3.84514512e-02  8.13236610e-05 -6.01876916e-05 -1.25158557e-07
   3.48409638e-08  4.16149250e-11 -6.73242018e-12]
 [-9.67968140e-02  4.62313062e-02 -6.31241451e+00  5.27771495e-02
   3.84514512e-02  8.13236610e-05 -6.01876916e-05 -1.25158557e-07
   3.48409638e-08  4.16149250e-11 -6.73242018e-12]
 [-9.67968140e-02  4.62313062e-02 -6.31241451e+00  5.27771495e-02
   3.84514512e-02  8.13236610e-05 -6.01876916e-05 -1.25158557e-07
   3.48409638e-08  4.16149250e-11 -6.73242018e-12]
 [-9.67968140e-02  4.62313062e-02 -6.31241451e+00  5.27771495e-02
   3.84514512e-02  8.13236610e-05 -6.01876916e-05 -1.25158557e-07
   3.48409638e-08  4.16149250e-11 -6.73242018e-12]] [1.63861905e-07 1.63861905e-07 1.63861905e-07 1.63861905e-07
 1.63861905e-07 1.63861905e-07 1.63861905e-07 1.63861905e-07
 1.63861905e-07 1.63861905e-07]
[0.1 0.1 0.1 0.1 0.1 0.1 0.1 0.1 0.1 0.1] [[-9.67968140e-02  4.62313062e-02 -6.31241451e+00  5.27771495e-02
   3.84514512e-02  8.13236610e-05 -6.01876916e-05 -1.25158557e-07
   3.48409638e-08  4.16149250e-11 -6.73242018e-12]
 [-9.67968140e-02  4.62313062e-02 -6.31241451e+00  5.27771495e-02
   3.84514512e-02  8.13236610e-05 -6.01876916e-05 -1.25158557e-07
   3.48409638e-08  4.16149250e-11 -6.73242018e-12]
 [-9.67968140e-02  4.62313062e-02 -6.31241451e+00  5.27771495e-02
   3.84514512e-02  8.13236610e-05 -6.01876916e-05 -1.25158557e-07
   3.48409638e-08  4.16149250e-11 -6.73242018e-12]
 [-9.67968140e-02  4.62313062e-02 -6.31241451e+00  5.27771495e-02
   3.84514512e-02  8.13236610e-05 -6.01876916e-05 -1.25158557e-07
   3.48409638e-08  4.16149250e-11 -6.73242018e-12]
 [-9.67968140e-02  4.62313062e-02 -6.31241451e+00  5.27771495e-02
   3.84514512e-02  8.13236610e-05 -6.01876916e-05 -1.25158557e-07
   3.48409638e-08  4.16149250e-11 -6.73242018e-12]
 [-9.67968140e-02  4.62313062e-02 -6.31241451e+00  5.27771495e-02
   3.84514512e-02  8.13236610e-05 -6.01876916e-05 -1.25158557e-07
   3.48409638e-08  4.16149250e-11 -6.73242018e-12]
 [-9.67968140e-02  4.62313062e-02 -6.31241451e+00  5.27771495e-02
   3.84514512e-02  8.13236610e-05 -6.01876916e-05 -1.25158557e-07
   3.48409638e-08  4.16149250e-11 -6.73242018e-12]
 [-9.67968140e-02  4.62313062e-02 -6.31241451e+00  5.27771495e-02
   3.84514512e-02  8.13236610e-05 -6.01876916e-05 -1.25158557e-07
   3.48409638e-08  4.16149250e-11 -6.73242018e-12]
 [-9.67968140e-02  4.62313062e-02 -6.31241451e+00  5.27771495e-02
   3.84514512e-02  8.13236610e-05 -6.01876916e-05 -1.25158557e-07
   3.48409638e-08  4.16149250e-11 -6.73242018e-12]
 [-9.67968140e-02  4.62313062e-02 -6.31241451e+00  5.27771495e-02
   3.84514512e-02  8.13236610e-05 -6.01876916e-05 -1.25158557e-07
   3.48409638e-08  4.16149250e-11 -6.73242018e-12]] [1.63861905e-07 1.63861905e-07 1.63861905e-07 1.63861905e-07
 1.63861905e-07 1.63861905e-07 1.63861905e-07 1.63861905e-07
 1.63861905e-07 1.63861905e-07]
[0.1 0.1 0.1 0.1 0.1 0.1 0.1 0.1 0.1 0.1] [[-9.67968140e-02  4.62313062e-02 -6.31241451e+00  5.27771495e-02
   3.84514512e-02  8.13236610e-05 -6.01876916e-05 -1.25158557e-07
   3.48409638e-08  4.16149250e-11 -6.73242018e-12]
 [-9.67968140e-02  4.62313062e-02 -6.31241451e+00  5.27771495e-02
   3.84514512e-02  8.13236610e-05 -6.01876916e-05 -1.25158557e-07
   3.48409638e-08  4.16149250e-11 -6.73242018e-12]
 [-9.67968140e-02  4.62313062e-02 -6.31241451e+00  5.27771495e-02
   3.84514512e-02  8.13236610e-05 -6.01876916e-05 -1.25158557e-07
   3.48409638e-08  4.16149250e-11 -6.73242018e-12]
 [-9.67968140e-02  4.62313062e-02 -6.31241451e+00  5.27771495e-02
   3.84514512e-02  8.13236610e-05 -6.01876916e-05 -1.25158557e-07
   3.48409638e-08  4.16149250e-11 -6.73242018e-12]
 [-9.67968140e-02  4.62313062e-02 -6.31241451e+00  5.27771495e-02
   3.84514512e-02  8.13236610e-05 -6.01876916e-05 -1.25158557e-07
   3.48409638e-08  4.16149250e-11 -6.73242018e-12]
 [-9.67968140e-02  4.62313062e-02 -6.31241451e+00  5.27771495e-02
   3.84514512e-02  8.13236610e-05 -6.01876916e-05 -1.25158557e-07
   3.48409638e-08  4.16149250e-11 -6.73242018e-12]
 [-9.67968140e-02  4.62313062e-02 -6.31241451e+00  5.27771495e-02
   3.84514512e-02  8.13236610e-05 -6.01876916e-05 -1.25158557e-07
   3.48409638e-08  4.16149250e-11 -6.73242018e-12]
 [-9.67968140e-02  4.62313062e-02 -6.31241451e+00  5.27771495e-02
   3.84514512e-02  8.13236610e-05 -6.01876916e-05 -1.25158557e-07
   3.48409638e-08  4.16149250e-11 -6.73242018e-12]
 [-9.67968140e-02  4.62313062e-02 -6.31241451e+00  5.27771495e-02
   3.84514512e-02  8.13236610e-05 -6.01876916e-05 -1.25158557e-07
   3.48409638e-08  4.16149250e-11 -6.73242018e-12]
 [-9.67968140e-02  4.62313062e-02 -6.31241451e+00  5.27771495e-02
   3.84514512e-02  8.13236610e-05 -6.01876916e-05 -1.25158557e-07
   3.48409638e-08  4.16149250e-11 -6.73242018e-12]] [1.63861905e-07 1.63861905e-07 1.63861905e-07 1.63861905e-07
 1.63861905e-07 1.63861905e-07 1.63861905e-07 1.63861905e-07
 1.63861905e-07 1.63861905e-07]
[0.1 0.1 0.1 0.1 0.1 0.1 0.1 0.1 0.1 0.1] [[-9.67968140e-02  4.62313062e-02 -6.31241451e+00  5.27771495e-02
   3.84514512e-02  8.13236610e-05 -6.01876916e-05 -1.25158557e-07
   3.48409638e-08  4.16149250e-11 -6.73242018e-12]
 [-9.67968140e-02  4.62313062e-02 -6.31241451e+00  5.27771495e-02
   3.84514512e-02  8.13236610e-05 -6.01876916e-05 -1.25158557e-07
   3.48409638e-08  4.16149250e-11 -6.73242018e-12]
 [-9.67968140e-02  4.62313062e-02 -6.31241451e+00  5.27771495e-02
   3.84514512e-02  8.13236610e-05 -6.01876916e-05 -1.25158557e-07
   3.48409638e-08  4.16149250e-11 -6.73242018e-12]
 [-9.67968140e-02  4.62313062e-02 -6.31241451e+00  5.27771495e-02
   3.84514512e-02  8.13236610e-05 -6.01876916e-05 -1.25158557e-07
   3.48409638e-08  4.16149250e-11 -6.73242018e-12]
 [-9.67968140e-02  4.62313062e-02 -6.31241451e+00  5.27771495e-02
   3.84514512e-02  8.13236610e-05 -6.01876916e-05 -1.25158557e-07
   3.48409638e-08  4.16149250e-11 -6.73242018e-12]
 [-9.67968140e-02  4.62313062e-02 -6.31241451e+00  5.27771495e-02
   3.84514512e-02  8.13236610e-05 -6.01876916e-05 -1.25158557e-07
   3.48409638e-08  4.16149250e-11 -6.73242018e-12]
 [-9.67968140e-02  4.62313062e-02 -6.31241451e+00  5.27771495e-02
   3.84514512e-02  8.13236610e-05 -6.01876916e-05 -1.25158557e-07
   3.48409638e-08  4.16149250e-11 -6.73242018e-12]
 [-9.67968140e-02  4.62313062e-02 -6.31241451e+00  5.27771495e-02
   3.84514512e-02  8.13236610e-05 -6.01876916e-05 -1.25158557e-07
   3.48409638e-08  4.16149250e-11 -6.73242018e-12]
 [-9.67968140e-02  4.62313062e-02 -6.31241451e+00  5.27771495e-02
   3.84514512e-02  8.13236610e-05 -6.01876916e-05 -1.25158557e-07
   3.48409638e-08  4.16149250e-11 -6.73242018e-12]
 [-9.67968140e-02  4.62313062e-02 -6.31241451e+00  5.27771495e-02
   3.84514512e-02  8.13236610e-05 -6.01876916e-05 -1.25158557e-07
   3.48409638e-08  4.16149250e-11 -6.73242018e-12]] [1.63861905e-07 1.63861905e-07 1.63861905e-07 1.63861905e-07
 1.63861905e-07 1.63861905e-07 1.63861905e-07 1.63861905e-07
 1.63861905e-07 1.63861905e-07]
[0.1 0.1 0.1 0.1 0.1 0.1 0.1 0.1 0.1 0.1] [[-9.67968140e-02  4.62313062e-02 -6.31241451e+00  5.27771495e-02
   3.84514512e-02  8.13236610e-05 -6.01876916e-05 -1.25158557e-07
   3.48409638e-08  4.16149250e-11 -6.73242018e-12]
 [-9.67968140e-02  4.62313062e-02 -6.31241451e+00  5.27771495e-02
   3.84514512e-02  8.13236610e-05 -6.01876916e-05 -1.25158557e-07
   3.48409638e-08  4.16149250e-11 -6.73242018e-12]
 [-9.67968140e-02  4.62313062e-02 -6.31241451e+00  5.27771495e-02
   3.84514512e-02  8.13236610e-05 -6.01876916e-05 -1.25158557e-07
   3.48409638e-08  4.16149250e-11 -6.73242018e-12]
 [-9.67968140e-02  4.62313062e-02 -6.31241451e+00  5.27771495e-02
   3.84514512e-02  8.13236610e-05 -6.01876916e-05 -1.25158557e-07
   3.48409638e-08  4.16149250e-11 -6.73242018e-12]
 [-9.67968140e-02  4.62313062e-02 -6.31241451e+00  5.27771495e-02
   3.84514512e-02  8.13236610e-05 -6.01876916e-05 -1.25158557e-07
   3.48409638e-08  4.16149250e-11 -6.73242018e-12]
 [-9.67968140e-02  4.62313062e-02 -6.31241451e+00  5.27771495e-02
   3.84514512e-02  8.13236610e-05 -6.01876916e-05 -1.25158557e-07
   3.48409638e-08  4.16149250e-11 -6.73242018e-12]
 [-9.67968140e-02  4.62313062e-02 -6.31241451e+00  5.27771495e-02
   3.84514512e-02  8.13236610e-05 -6.01876916e-05 -1.25158557e-07
   3.48409638e-08  4.16149250e-11 -6.73242018e-12]
 [-9.67968140e-02  4.62313062e-02 -6.31241451e+00  5.27771495e-02
   3.84514512e-02  8.13236610e-05 -6.01876916e-05 -1.25158557e-07
   3.48409638e-08  4.16149250e-11 -6.73242018e-12]
 [-9.67968140e-02  4.62313062e-02 -6.31241451e+00  5.27771495e-02
   3.84514512e-02  8.13236610e-05 -6.01876916e-05 -1.25158557e-07
   3.48409638e-08  4.16149250e-11 -6.73242018e-12]
 [-9.67968140e-02  4.62313062e-02 -6.31241451e+00  5.27771495e-02
   3.84514512e-02  8.13236610e-05 -6.01876916e-05 -1.25158557e-07
   3.48409638e-08  4.16149250e-11 -6.73242018e-12]] [1.63861905e-07 1.63861905e-07 1.63861905e-07 1.63861905e-07
 1.63861905e-07 1.63861905e-07 1.63861905e-07 1.63861905e-07
 1.63861905e-07 1.63861905e-07]
[0.1 0.1 0.1 0.1 0.1 0.1 0.1 0.1 0.1 0.1] [[-9.67968140e-02  4.62313062e-02 -6.31241451e+00  5.27771495e-02
   3.84514512e-02  8.13236610e-05 -6.01876916e-05 -1.25158557e-07
   3.48409638e-08  4.16149250e-11 -6.73242018e-12]
 [-9.67968140e-02  4.62313062e-02 -6.31241451e+00  5.27771495e-02
   3.84514512e-02  8.13236610e-05 -6.01876916e-05 -1.25158557e-07
   3.48409638e-08  4.16149250e-11 -6.73242018e-12]
 [-9.67968140e-02  4.62313062e-02 -6.31241451e+00  5.27771495e-02
   3.84514512e-02  8.13236610e-05 -6.01876916e-05 -1.25158557e-07
   3.48409638e-08  4.16149250e-11 -6.73242018e-12]
 [-9.67968140e-02  4.62313062e-02 -6.31241451e+00  5.27771495e-02
   3.84514512e-02  8.13236610e-05 -6.01876916e-05 -1.25158557e-07
   3.48409638e-08  4.16149250e-11 -6.73242018e-12]
 [-9.67968140e-02  4.62313062e-02 -6.31241451e+00  5.27771495e-02
   3.84514512e-02  8.13236610e-05 -6.01876916e-05 -1.25158557e-07
   3.48409638e-08  4.16149250e-11 -6.73242018e-12]
 [-9.67968140e-02  4.62313062e-02 -6.31241451e+00  5.27771495e-02
   3.84514512e-02  8.13236610e-05 -6.01876916e-05 -1.25158557e-07
   3.48409638e-08  4.16149250e-11 -6.73242018e-12]
 [-9.67968140e-02  4.62313062e-02 -6.31241451e+00  5.27771495e-02
   3.84514512e-02  8.13236610e-05 -6.01876916e-05 -1.25158557e-07
   3.48409638e-08  4.16149250e-11 -6.73242018e-12]
 [-9.67968140e-02  4.62313062e-02 -6.31241451e+00  5.27771495e-02
   3.84514512e-02  8.13236610e-05 -6.01876916e-05 -1.25158557e-07
   3.48409638e-08  4.16149250e-11 -6.73242018e-12]
 [-9.67968140e-02  4.62313062e-02 -6.31241451e+00  5.27771495e-02
   3.84514512e-02  8.13236610e-05 -6.01876916e-05 -1.25158557e-07
   3.48409638e-08  4.16149250e-11 -6.73242018e-12]
 [-9.67968140e-02  4.62313062e-02 -6.31241451e+00  5.27771495e-02
   3.84514512e-02  8.13236610e-05 -6.01876916e-05 -1.25158557e-07
   3.48409638e-08  4.16149250e-11 -6.73242018e-12]] [1.63861905e-07 1.63861905e-07 1.63861905e-07 1.63861905e-07
 1.63861905e-07 1.63861905e-07 1.63861905e-07 1.63861905e-07
 1.63861905e-07 1.63861905e-07]
[0.1 0.1 0.1 0.1 0.1 0.1 0.1 0.1 0.1 0.1] [[-9.67968140e-02  4.62313062e-02 -6.31241451e+00  5.27771495e-02
   3.84514512e-02  8.13236610e-05 -6.01876916e-05 -1.25158557e-07
   3.48409638e-08  4.16149250e-11 -6.73242018e-12]
 [-9.67968140e-02  4.62313062e-02 -6.31241451e+00  5.27771495e-02
   3.84514512e-02  8.13236610e-05 -6.01876916e-05 -1.25158557e-07
   3.48409638e-08  4.16149250e-11 -6.73242018e-12]
 [-9.67968140e-02  4.62313062e-02 -6.31241451e+00  5.27771495e-02
   3.84514512e-02  8.13236610e-05 -6.01876916e-05 -1.25158557e-07
   3.48409638e-08  4.16149250e-11 -6.73242018e-12]
 [-9.67968140e-02  4.62313062e-02 -6.31241451e+00  5.27771495e-02
   3.84514512e-02  8.13236610e-05 -6.01876916e-05 -1.25158557e-07
   3.48409638e-08  4.16149250e-11 -6.73242018e-12]
 [-9.67968140e-02  4.62313062e-02 -6.31241451e+00  5.27771495e-02
   3.84514512e-02  8.13236610e-05 -6.01876916e-05 -1.25158557e-07
   3.48409638e-08  4.16149250e-11 -6.73242018e-12]
 [-9.67968140e-02  4.62313062e-02 -6.31241451e+00  5.27771495e-02
   3.84514512e-02  8.13236610e-05 -6.01876916e-05 -1.25158557e-07
   3.48409638e-08  4.16149250e-11 -6.73242018e-12]
 [-9.67968140e-02  4.62313062e-02 -6.31241451e+00  5.27771495e-02
   3.84514512e-02  8.13236610e-05 -6.01876916e-05 -1.25158557e-07
   3.48409638e-08  4.16149250e-11 -6.73242018e-12]
 [-9.67968140e-02  4.62313062e-02 -6.31241451e+00  5.27771495e-02
   3.84514512e-02  8.13236610e-05 -6.01876916e-05 -1.25158557e-07
   3.48409638e-08  4.16149250e-11 -6.73242018e-12]
 [-9.67968140e-02  4.62313062e-02 -6.31241451e+00  5.27771495e-02
   3.84514512e-02  8.13236610e-05 -6.01876916e-05 -1.25158557e-07
   3.48409638e-08  4.16149250e-11 -6.73242018e-12]
 [-9.67968140e-02  4.62313062e-02 -6.31241451e+00  5.27771495e-02
   3.84514512e-02  8.13236610e-05 -6.01876916e-05 -1.25158557e-07
   3.48409638e-08  4.16149250e-11 -6.73242018e-12]] [1.63861905e-07 1.63861905e-07 1.63861905e-07 1.63861905e-07
 1.63861905e-07 1.63861905e-07 1.63861905e-07 1.63861905e-07
 1.63861905e-07 1.63861905e-07]
[0.1 0.1 0.1 0.1 0.1 0.1 0.1 0.1 0.1 0.1] [[-9.67968140e-02  4.62313062e-02 -6.31241451e+00  5.27771495e-02
   3.84514512e-02  8.13236610e-05 -6.01876916e-05 -1.25158557e-07
   3.48409638e-08  4.16149250e-11 -6.73242018e-12]
 [-9.67968140e-02  4.62313062e-02 -6.31241451e+00  5.27771495e-02
   3.84514512e-02  8.13236610e-05 -6.01876916e-05 -1.25158557e-07
   3.48409638e-08  4.16149250e-11 -6.73242018e-12]
 [-9.67968140e-02  4.62313062e-02 -6.31241451e+00  5.27771495e-02
   3.84514512e-02  8.13236610e-05 -6.01876916e-05 -1.25158557e-07
   3.48409638e-08  4.16149250e-11 -6.73242018e-12]
 [-9.67968140e-02  4.62313062e-02 -6.31241451e+00  5.27771495e-02
   3.84514512e-02  8.13236610e-05 -6.01876916e-05 -1.25158557e-07
   3.48409638e-08  4.16149250e-11 -6.73242018e-12]
 [-9.67968140e-02  4.62313062e-02 -6.31241451e+00  5.27771495e-02
   3.84514512e-02  8.13236610e-05 -6.01876916e-05 -1.25158557e-07
   3.48409638e-08  4.16149250e-11 -6.73242018e-12]
 [-9.67968140e-02  4.62313062e-02 -6.31241451e+00  5.27771495e-02
   3.84514512e-02  8.13236610e-05 -6.01876916e-05 -1.25158557e-07
   3.48409638e-08  4.16149250e-11 -6.73242018e-12]
 [-9.67968140e-02  4.62313062e-02 -6.31241451e+00  5.27771495e-02
   3.84514512e-02  8.13236610e-05 -6.01876916e-05 -1.25158557e-07
   3.48409638e-08  4.16149250e-11 -6.73242018e-12]
 [-9.67968140e-02  4.62313062e-02 -6.31241451e+00  5.27771495e-02
   3.84514512e-02  8.13236610e-05 -6.01876916e-05 -1.25158557e-07
   3.48409638e-08  4.16149250e-11 -6.73242018e-12]
 [-9.67968140e-02  4.62313062e-02 -6.31241451e+00  5.27771495e-02
   3.84514512e-02  8.13236610e-05 -6.01876916e-05 -1.25158557e-07
   3.48409638e-08  4.16149250e-11 -6.73242018e-12]
 [-9.67968140e-02  4.62313062e-02 -6.31241451e+00  5.27771495e-02
   3.84514512e-02  8.13236610e-05 -6.01876916e-05 -1.25158557e-07
   3.48409638e-08  4.16149250e-11 -6.73242018e-12]] [1.63861905e-07 1.63861905e-07 1.63861905e-07 1.63861905e-07
 1.63861905e-07 1.63861905e-07 1.63861905e-07 1.63861905e-07
 1.63861905e-07 1.63861905e-07]
[0.1 0.1 0.1 0.1 0.1 0.1 0.1 0.1 0.1 0.1] [[-9.67968140e-02  4.62313062e-02 -6.31241451e+00  5.27771495e-02
   3.84514512e-02  8.13236610e-05 -6.01876916e-05 -1.25158557e-07
   3.48409638e-08  4.16149250e-11 -6.73242018e-12]
 [-9.67968140e-02  4.62313062e-02 -6.31241451e+00  5.27771495e-02
   3.84514512e-02  8.13236610e-05 -6.01876916e-05 -1.25158557e-07
   3.48409638e-08  4.16149250e-11 -6.73242018e-12]
 [-9.67968140e-02  4.62313062e-02 -6.31241451e+00  5.27771495e-02
   3.84514512e-02  8.13236610e-05 -6.01876916e-05 -1.25158557e-07
   3.48409638e-08  4.16149250e-11 -6.73242018e-12]
 [-9.67968140e-02  4.62313062e-02 -6.31241451e+00  5.27771495e-02
   3.84514512e-02  8.13236610e-05 -6.01876916e-05 -1.25158557e-07
   3.48409638e-08  4.16149250e-11 -6.73242018e-12]
 [-9.67968140e-02  4.62313062e-02 -6.31241451e+00  5.27771495e-02
   3.84514512e-02  8.13236610e-05 -6.01876916e-05 -1.25158557e-07
   3.48409638e-08  4.16149250e-11 -6.73242018e-12]
 [-9.67968140e-02  4.62313062e-02 -6.31241451e+00  5.27771495e-02
   3.84514512e-02  8.13236610e-05 -6.01876916e-05 -1.25158557e-07
   3.48409638e-08  4.16149250e-11 -6.73242018e-12]
 [-9.67968140e-02  4.62313062e-02 -6.31241451e+00  5.27771495e-02
   3.84514512e-02  8.13236610e-05 -6.01876916e-05 -1.25158557e-07
   3.48409638e-08  4.16149250e-11 -6.73242018e-12]
 [-9.67968140e-02  4.62313062e-02 -6.31241451e+00  5.27771495e-02
   3.84514512e-02  8.13236610e-05 -6.01876916e-05 -1.25158557e-07
   3.48409638e-08  4.16149250e-11 -6.73242018e-12]
 [-9.67968140e-02  4.62313062e-02 -6.31241451e+00  5.27771495e-02
   3.84514512e-02  8.13236610e-05 -6.01876916e-05 -1.25158557e-07
   3.48409638e-08  4.16149250e-11 -6.73242018e-12]
 [-9.67968140e-02  4.62313062e-02 -6.31241451e+00  5.27771495e-02
   3.84514512e-02  8.13236610e-05 -6.01876916e-05 -1.25158557e-07
   3.48409638e-08  4.16149250e-11 -6.73242018e-12]] [1.63861905e-07 1.63861905e-07 1.63861905e-07 1.63861905e-07
 1.63861905e-07 1.63861905e-07 1.63861905e-07 1.63861905e-07
 1.63861905e-07 1.63861905e-07]
[0.1 0.1 0.1 0.1 0.1 0.1 0.1 0.1 0.1 0.1] [[-9.67968140e-02  4.62313062e-02 -6.31241451e+00  5.27771495e-02
   3.84514512e-02  8.13236610e-05 -6.01876916e-05 -1.25158557e-07
   3.48409638e-08  4.16149250e-11 -6.73242018e-12]
 [-9.67968140e-02  4.62313062e-02 -6.31241451e+00  5.27771495e-02
   3.84514512e-02  8.13236610e-05 -6.01876916e-05 -1.25158557e-07
   3.48409638e-08  4.16149250e-11 -6.73242018e-12]
 [-9.67968140e-02  4.62313062e-02 -6.31241451e+00  5.27771495e-02
   3.84514512e-02  8.13236610e-05 -6.01876916e-05 -1.25158557e-07
   3.48409638e-08  4.16149250e-11 -6.73242018e-12]
 [-9.67968140e-02  4.62313062e-02 -6.31241451e+00  5.27771495e-02
   3.84514512e-02  8.13236610e-05 -6.01876916e-05 -1.25158557e-07
   3.48409638e-08  4.16149250e-11 -6.73242018e-12]
 [-9.67968140e-02  4.62313062e-02 -6.31241451e+00  5.27771495e-02
   3.84514512e-02  8.13236610e-05 -6.01876916e-05 -1.25158557e-07
   3.48409638e-08  4.16149250e-11 -6.73242018e-12]
 [-9.67968140e-02  4.62313062e-02 -6.31241451e+00  5.27771495e-02
   3.84514512e-02  8.13236610e-05 -6.01876916e-05 -1.25158557e-07
   3.48409638e-08  4.16149250e-11 -6.73242018e-12]
 [-9.67968140e-02  4.62313062e-02 -6.31241451e+00  5.27771495e-02
   3.84514512e-02  8.13236610e-05 -6.01876916e-05 -1.25158557e-07
   3.48409638e-08  4.16149250e-11 -6.73242018e-12]
 [-9.67968140e-02  4.62313062e-02 -6.31241451e+00  5.27771495e-02
   3.84514512e-02  8.13236610e-05 -6.01876916e-05 -1.25158557e-07
   3.48409638e-08  4.16149250e-11 -6.73242018e-12]
 [-9.67968140e-02  4.62313062e-02 -6.31241451e+00  5.27771495e-02
   3.84514512e-02  8.13236610e-05 -6.01876916e-05 -1.25158557e-07
   3.48409638e-08  4.16149250e-11 -6.73242018e-12]
 [-9.67968140e-02  4.62313062e-02 -6.31241451e+00  5.27771495e-02
   3.84514512e-02  8.13236610e-05 -6.01876916e-05 -1.25158557e-07
   3.48409638e-08  4.16149250e-11 -6.73242018e-12]] [1.63861905e-07 1.63861905e-07 1.63861905e-07 1.63861905e-07
 1.63861905e-07 1.63861905e-07 1.63861905e-07 1.63861905e-07
 1.63861905e-07 1.63861905e-07]
[0.1 0.1 0.1 0.1 0.1 0.1 0.1 0.1 0.1 0.1] [[-9.67968140e-02  4.62313062e-02 -6.31241451e+00  5.27771495e-02
   3.84514512e-02  8.13236610e-05 -6.01876916e-05 -1.25158557e-07
   3.48409638e-08  4.16149250e-11 -6.73242018e-12]
 [-9.67968140e-02  4.62313062e-02 -6.31241451e+00  5.27771495e-02
   3.84514512e-02  8.13236610e-05 -6.01876916e-05 -1.25158557e-07
   3.48409638e-08  4.16149250e-11 -6.73242018e-12]
 [-9.67968140e-02  4.62313062e-02 -6.31241451e+00  5.27771495e-02
   3.84514512e-02  8.13236610e-05 -6.01876916e-05 -1.25158557e-07
   3.48409638e-08  4.16149250e-11 -6.73242018e-12]
 [-9.67968140e-02  4.62313062e-02 -6.31241451e+00  5.27771495e-02
   3.84514512e-02  8.13236610e-05 -6.01876916e-05 -1.25158557e-07
   3.48409638e-08  4.16149250e-11 -6.73242018e-12]
 [-9.67968140e-02  4.62313062e-02 -6.31241451e+00  5.27771495e-02
   3.84514512e-02  8.13236610e-05 -6.01876916e-05 -1.25158557e-07
   3.48409638e-08  4.16149250e-11 -6.73242018e-12]
 [-9.67968140e-02  4.62313062e-02 -6.31241451e+00  5.27771495e-02
   3.84514512e-02  8.13236610e-05 -6.01876916e-05 -1.25158557e-07
   3.48409638e-08  4.16149250e-11 -6.73242018e-12]
 [-9.67968140e-02  4.62313062e-02 -6.31241451e+00  5.27771495e-02
   3.84514512e-02  8.13236610e-05 -6.01876916e-05 -1.25158557e-07
   3.48409638e-08  4.16149250e-11 -6.73242018e-12]
 [-9.67968140e-02  4.62313062e-02 -6.31241451e+00  5.27771495e-02
   3.84514512e-02  8.13236610e-05 -6.01876916e-05 -1.25158557e-07
   3.48409638e-08  4.16149250e-11 -6.73242018e-12]
 [-9.67968140e-02  4.62313062e-02 -6.31241451e+00  5.27771495e-02
   3.84514512e-02  8.13236610e-05 -6.01876916e-05 -1.25158557e-07
   3.48409638e-08  4.16149250e-11 -6.73242018e-12]
 [-9.67968140e-02  4.62313062e-02 -6.31241451e+00  5.27771495e-02
   3.84514512e-02  8.13236610e-05 -6.01876916e-05 -1.25158557e-07
   3.48409638e-08  4.16149250e-11 -6.73242018e-12]] [1.63861905e-07 1.63861905e-07 1.63861905e-07 1.63861905e-07
 1.63861905e-07 1.63861905e-07 1.63861905e-07 1.63861905e-07
 1.63861905e-07 1.63861905e-07]
[0.1 0.1 0.1 0.1 0.1 0.1 0.1 0.1 0.1 0.1] [[-9.67968140e-02  4.62313062e-02 -6.31241451e+00  5.27771495e-02
   3.84514512e-02  8.13236610e-05 -6.01876916e-05 -1.25158557e-07
   3.48409638e-08  4.16149250e-11 -6.73242018e-12]
 [-9.67968140e-02  4.62313062e-02 -6.31241451e+00  5.27771495e-02
   3.84514512e-02  8.13236610e-05 -6.01876916e-05 -1.25158557e-07
   3.48409638e-08  4.16149250e-11 -6.73242018e-12]
 [-9.67968140e-02  4.62313062e-02 -6.31241451e+00  5.27771495e-02
   3.84514512e-02  8.13236610e-05 -6.01876916e-05 -1.25158557e-07
   3.48409638e-08  4.16149250e-11 -6.73242018e-12]
 [-9.67968140e-02  4.62313062e-02 -6.31241451e+00  5.27771495e-02
   3.84514512e-02  8.13236610e-05 -6.01876916e-05 -1.25158557e-07
   3.48409638e-08  4.16149250e-11 -6.73242018e-12]
 [-9.67968140e-02  4.62313062e-02 -6.31241451e+00  5.27771495e-02
   3.84514512e-02  8.13236610e-05 -6.01876916e-05 -1.25158557e-07
   3.48409638e-08  4.16149250e-11 -6.73242018e-12]
 [-9.67968140e-02  4.62313062e-02 -6.31241451e+00  5.27771495e-02
   3.84514512e-02  8.13236610e-05 -6.01876916e-05 -1.25158557e-07
   3.48409638e-08  4.16149250e-11 -6.73242018e-12]
 [-9.67968140e-02  4.62313062e-02 -6.31241451e+00  5.27771495e-02
   3.84514512e-02  8.13236610e-05 -6.01876916e-05 -1.25158557e-07
   3.48409638e-08  4.16149250e-11 -6.73242018e-12]
 [-9.67968140e-02  4.62313062e-02 -6.31241451e+00  5.27771495e-02
   3.84514512e-02  8.13236610e-05 -6.01876916e-05 -1.25158557e-07
   3.48409638e-08  4.16149250e-11 -6.73242018e-12]
 [-9.67968140e-02  4.62313062e-02 -6.31241451e+00  5.27771495e-02
   3.84514512e-02  8.13236610e-05 -6.01876916e-05 -1.25158557e-07
   3.48409638e-08  4.16149250e-11 -6.73242018e-12]
 [-9.67968140e-02  4.62313062e-02 -6.31241451e+00  5.27771495e-02
   3.84514512e-02  8.13236610e-05 -6.01876916e-05 -1.25158557e-07
   3.48409638e-08  4.16149250e-11 -6.73242018e-12]] [1.63861905e-07 1.63861905e-07 1.63861905e-07 1.63861905e-07
 1.63861905e-07 1.63861905e-07 1.63861905e-07 1.63861905e-07
 1.63861905e-07 1.63861905e-07]
[0.1 0.1 0.1 0.1 0.1 0.1 0.1 0.1 0.1 0.1] [[-9.67968140e-02  4.62313062e-02 -6.31241451e+00  5.27771495e-02
   3.84514512e-02  8.13236610e-05 -6.01876916e-05 -1.25158557e-07
   3.48409638e-08  4.16149250e-11 -6.73242018e-12]
 [-9.67968140e-02  4.62313062e-02 -6.31241451e+00  5.27771495e-02
   3.84514512e-02  8.13236610e-05 -6.01876916e-05 -1.25158557e-07
   3.48409638e-08  4.16149250e-11 -6.73242018e-12]
 [-9.67968140e-02  4.62313062e-02 -6.31241451e+00  5.27771495e-02
   3.84514512e-02  8.13236610e-05 -6.01876916e-05 -1.25158557e-07
   3.48409638e-08  4.16149250e-11 -6.73242018e-12]
 [-9.67968140e-02  4.62313062e-02 -6.31241451e+00  5.27771495e-02
   3.84514512e-02  8.13236610e-05 -6.01876916e-05 -1.25158557e-07
   3.48409638e-08  4.16149250e-11 -6.73242018e-12]
 [-9.67968140e-02  4.62313062e-02 -6.31241451e+00  5.27771495e-02
   3.84514512e-02  8.13236610e-05 -6.01876916e-05 -1.25158557e-07
   3.48409638e-08  4.16149250e-11 -6.73242018e-12]
 [-9.67968140e-02  4.62313062e-02 -6.31241451e+00  5.27771495e-02
   3.84514512e-02  8.13236610e-05 -6.01876916e-05 -1.25158557e-07
   3.48409638e-08  4.16149250e-11 -6.73242018e-12]
 [-9.67968140e-02  4.62313062e-02 -6.31241451e+00  5.27771495e-02
   3.84514512e-02  8.13236610e-05 -6.01876916e-05 -1.25158557e-07
   3.48409638e-08  4.16149250e-11 -6.73242018e-12]
 [-9.67968140e-02  4.62313062e-02 -6.31241451e+00  5.27771495e-02
   3.84514512e-02  8.13236610e-05 -6.01876916e-05 -1.25158557e-07
   3.48409638e-08  4.16149250e-11 -6.73242018e-12]
 [-9.67968140e-02  4.62313062e-02 -6.31241451e+00  5.27771495e-02
   3.84514512e-02  8.13236610e-05 -6.01876916e-05 -1.25158557e-07
   3.48409638e-08  4.16149250e-11 -6.73242018e-12]
 [-9.67968140e-02  4.62313062e-02 -6.31241451e+00  5.27771495e-02
   3.84514512e-02  8.13236610e-05 -6.01876916e-05 -1.25158557e-07
   3.48409638e-08  4.16149250e-11 -6.73242018e-12]] [1.63861905e-07 1.63861905e-07 1.63861905e-07 1.63861905e-07
 1.63861905e-07 1.63861905e-07 1.63861905e-07 1.63861905e-07
 1.63861905e-07 1.63861905e-07]
[0.1 0.1 0.1 0.1 0.1 0.1 0.1 0.1 0.1 0.1] [[-9.67968140e-02  4.62313062e-02 -6.31241451e+00  5.27771495e-02
   3.84514512e-02  8.13236610e-05 -6.01876916e-05 -1.25158557e-07
   3.48409638e-08  4.16149250e-11 -6.73242018e-12]
 [-9.67968140e-02  4.62313062e-02 -6.31241451e+00  5.27771495e-02
   3.84514512e-02  8.13236610e-05 -6.01876916e-05 -1.25158557e-07
   3.48409638e-08  4.16149250e-11 -6.73242018e-12]
 [-9.67968140e-02  4.62313062e-02 -6.31241451e+00  5.27771495e-02
   3.84514512e-02  8.13236610e-05 -6.01876916e-05 -1.25158557e-07
   3.48409638e-08  4.16149250e-11 -6.73242018e-12]
 [-9.67968140e-02  4.62313062e-02 -6.31241451e+00  5.27771495e-02
   3.84514512e-02  8.13236610e-05 -6.01876916e-05 -1.25158557e-07
   3.48409638e-08  4.16149250e-11 -6.73242018e-12]
 [-9.67968140e-02  4.62313062e-02 -6.31241451e+00  5.27771495e-02
   3.84514512e-02  8.13236610e-05 -6.01876916e-05 -1.25158557e-07
   3.48409638e-08  4.16149250e-11 -6.73242018e-12]
 [-9.67968140e-02  4.62313062e-02 -6.31241451e+00  5.27771495e-02
   3.84514512e-02  8.13236610e-05 -6.01876916e-05 -1.25158557e-07
   3.48409638e-08  4.16149250e-11 -6.73242018e-12]
 [-9.67968140e-02  4.62313062e-02 -6.31241451e+00  5.27771495e-02
   3.84514512e-02  8.13236610e-05 -6.01876916e-05 -1.25158557e-07
   3.48409638e-08  4.16149250e-11 -6.73242018e-12]
 [-9.67968140e-02  4.62313062e-02 -6.31241451e+00  5.27771495e-02
   3.84514512e-02  8.13236610e-05 -6.01876916e-05 -1.25158557e-07
   3.48409638e-08  4.16149250e-11 -6.73242018e-12]
 [-9.67968140e-02  4.62313062e-02 -6.31241451e+00  5.27771495e-02
   3.84514512e-02  8.13236610e-05 -6.01876916e-05 -1.25158557e-07
   3.48409638e-08  4.16149250e-11 -6.73242018e-12]
 [-9.67968140e-02  4.62313062e-02 -6.31241451e+00  5.27771495e-02
   3.84514512e-02  8.13236610e-05 -6.01876916e-05 -1.25158557e-07
   3.48409638e-08  4.16149250e-11 -6.73242018e-12]] [1.63861905e-07 1.63861905e-07 1.63861905e-07 1.63861905e-07
 1.63861905e-07 1.63861905e-07 1.63861905e-07 1.63861905e-07
 1.63861905e-07 1.63861905e-07]
[0.1 0.1 0.1 0.1 0.1 0.1 0.1 0.1 0.1 0.1] [[-9.67968140e-02  4.62313062e-02 -6.31241451e+00  5.27771495e-02
   3.84514512e-02  8.13236610e-05 -6.01876916e-05 -1.25158557e-07
   3.48409638e-08  4.16149250e-11 -6.73242018e-12]
 [-9.67968140e-02  4.62313062e-02 -6.31241451e+00  5.27771495e-02
   3.84514512e-02  8.13236610e-05 -6.01876916e-05 -1.25158557e-07
   3.48409638e-08  4.16149250e-11 -6.73242018e-12]
 [-9.67968140e-02  4.62313062e-02 -6.31241451e+00  5.27771495e-02
   3.84514512e-02  8.13236610e-05 -6.01876916e-05 -1.25158557e-07
   3.48409638e-08  4.16149250e-11 -6.73242018e-12]
 [-9.67968140e-02  4.62313062e-02 -6.31241451e+00  5.27771495e-02
   3.84514512e-02  8.13236610e-05 -6.01876916e-05 -1.25158557e-07
   3.48409638e-08  4.16149250e-11 -6.73242018e-12]
 [-9.67968140e-02  4.62313062e-02 -6.31241451e+00  5.27771495e-02
   3.84514512e-02  8.13236610e-05 -6.01876916e-05 -1.25158557e-07
   3.48409638e-08  4.16149250e-11 -6.73242018e-12]
 [-9.67968140e-02  4.62313062e-02 -6.31241451e+00  5.27771495e-02
   3.84514512e-02  8.13236610e-05 -6.01876916e-05 -1.25158557e-07
   3.48409638e-08  4.16149250e-11 -6.73242018e-12]
 [-9.67968140e-02  4.62313062e-02 -6.31241451e+00  5.27771495e-02
   3.84514512e-02  8.13236610e-05 -6.01876916e-05 -1.25158557e-07
   3.48409638e-08  4.16149250e-11 -6.73242018e-12]
 [-9.67968140e-02  4.62313062e-02 -6.31241451e+00  5.27771495e-02
   3.84514512e-02  8.13236610e-05 -6.01876916e-05 -1.25158557e-07
   3.48409638e-08  4.16149250e-11 -6.73242018e-12]
 [-9.67968140e-02  4.62313062e-02 -6.31241451e+00  5.27771495e-02
   3.84514512e-02  8.13236610e-05 -6.01876916e-05 -1.25158557e-07
   3.48409638e-08  4.16149250e-11 -6.73242018e-12]
 [-9.67968140e-02  4.62313062e-02 -6.31241451e+00  5.27771495e-02
   3.84514512e-02  8.13236610e-05 -6.01876916e-05 -1.25158557e-07
   3.48409638e-08  4.16149250e-11 -6.73242018e-12]] [1.63861905e-07 1.63861905e-07 1.63861905e-07 1.63861905e-07
 1.63861905e-07 1.63861905e-07 1.63861905e-07 1.63861905e-07
 1.63861905e-07 1.63861905e-07]
[0.1 0.1 0.1 0.1 0.1 0.1 0.1 0.1 0.1 0.1] [[-9.67968140e-02  4.62313062e-02 -6.31241451e+00  5.27771495e-02
   3.84514512e-02  8.13236610e-05 -6.01876916e-05 -1.25158557e-07
   3.48409638e-08  4.16149250e-11 -6.73242018e-12]
 [-9.67968140e-02  4.62313062e-02 -6.31241451e+00  5.27771495e-02
   3.84514512e-02  8.13236610e-05 -6.01876916e-05 -1.25158557e-07
   3.48409638e-08  4.16149250e-11 -6.73242018e-12]
 [-9.67968140e-02  4.62313062e-02 -6.31241451e+00  5.27771495e-02
   3.84514512e-02  8.13236610e-05 -6.01876916e-05 -1.25158557e-07
   3.48409638e-08  4.16149250e-11 -6.73242018e-12]
 [-9.67968140e-02  4.62313062e-02 -6.31241451e+00  5.27771495e-02
   3.84514512e-02  8.13236610e-05 -6.01876916e-05 -1.25158557e-07
   3.48409638e-08  4.16149250e-11 -6.73242018e-12]
 [-9.67968140e-02  4.62313062e-02 -6.31241451e+00  5.27771495e-02
   3.84514512e-02  8.13236610e-05 -6.01876916e-05 -1.25158557e-07
   3.48409638e-08  4.16149250e-11 -6.73242018e-12]
 [-9.67968140e-02  4.62313062e-02 -6.31241451e+00  5.27771495e-02
   3.84514512e-02  8.13236610e-05 -6.01876916e-05 -1.25158557e-07
   3.48409638e-08  4.16149250e-11 -6.73242018e-12]
 [-9.67968140e-02  4.62313062e-02 -6.31241451e+00  5.27771495e-02
   3.84514512e-02  8.13236610e-05 -6.01876916e-05 -1.25158557e-07
   3.48409638e-08  4.16149250e-11 -6.73242018e-12]
 [-9.67968140e-02  4.62313062e-02 -6.31241451e+00  5.27771495e-02
   3.84514512e-02  8.13236610e-05 -6.01876916e-05 -1.25158557e-07
   3.48409638e-08  4.16149250e-11 -6.73242018e-12]
 [-9.67968140e-02  4.62313062e-02 -6.31241451e+00  5.27771495e-02
   3.84514512e-02  8.13236610e-05 -6.01876916e-05 -1.25158557e-07
   3.48409638e-08  4.16149250e-11 -6.73242018e-12]
 [-9.67968140e-02  4.62313062e-02 -6.31241451e+00  5.27771495e-02
   3.84514512e-02  8.13236610e-05 -6.01876916e-05 -1.25158557e-07
   3.48409638e-08  4.16149250e-11 -6.73242018e-12]] [1.63861905e-07 1.63861905e-07 1.63861905e-07 1.63861905e-07
 1.63861905e-07 1.63861905e-07 1.63861905e-07 1.63861905e-07
 1.63861905e-07 1.63861905e-07]
[0.1 0.1 0.1 0.1 0.1 0.1 0.1 0.1 0.1 0.1] [[-9.67968140e-02  4.62313062e-02 -6.31241451e+00  5.27771495e-02
   3.84514512e-02  8.13236610e-05 -6.01876916e-05 -1.25158557e-07
   3.48409638e-08  4.16149250e-11 -6.73242018e-12]
 [-9.67968140e-02  4.62313062e-02 -6.31241451e+00  5.27771495e-02
   3.84514512e-02  8.13236610e-05 -6.01876916e-05 -1.25158557e-07
   3.48409638e-08  4.16149250e-11 -6.73242018e-12]
 [-9.67968140e-02  4.62313062e-02 -6.31241451e+00  5.27771495e-02
   3.84514512e-02  8.13236610e-05 -6.01876916e-05 -1.25158557e-07
   3.48409638e-08  4.16149250e-11 -6.73242018e-12]
 [-9.67968140e-02  4.62313062e-02 -6.31241451e+00  5.27771495e-02
   3.84514512e-02  8.13236610e-05 -6.01876916e-05 -1.25158557e-07
   3.48409638e-08  4.16149250e-11 -6.73242018e-12]
 [-9.67968140e-02  4.62313062e-02 -6.31241451e+00  5.27771495e-02
   3.84514512e-02  8.13236610e-05 -6.01876916e-05 -1.25158557e-07
   3.48409638e-08  4.16149250e-11 -6.73242018e-12]
 [-9.67968140e-02  4.62313062e-02 -6.31241451e+00  5.27771495e-02
   3.84514512e-02  8.13236610e-05 -6.01876916e-05 -1.25158557e-07
   3.48409638e-08  4.16149250e-11 -6.73242018e-12]
 [-9.67968140e-02  4.62313062e-02 -6.31241451e+00  5.27771495e-02
   3.84514512e-02  8.13236610e-05 -6.01876916e-05 -1.25158557e-07
   3.48409638e-08  4.16149250e-11 -6.73242018e-12]
 [-9.67968140e-02  4.62313062e-02 -6.31241451e+00  5.27771495e-02
   3.84514512e-02  8.13236610e-05 -6.01876916e-05 -1.25158557e-07
   3.48409638e-08  4.16149250e-11 -6.73242018e-12]
 [-9.67968140e-02  4.62313062e-02 -6.31241451e+00  5.27771495e-02
   3.84514512e-02  8.13236610e-05 -6.01876916e-05 -1.25158557e-07
   3.48409638e-08  4.16149250e-11 -6.73242018e-12]
 [-9.67968140e-02  4.62313062e-02 -6.31241451e+00  5.27771495e-02
   3.84514512e-02  8.13236610e-05 -6.01876916e-05 -1.25158557e-07
   3.48409638e-08  4.16149250e-11 -6.73242018e-12]] [1.63861905e-07 1.63861905e-07 1.63861905e-07 1.63861905e-07
 1.63861905e-07 1.63861905e-07 1.63861905e-07 1.63861905e-07
 1.63861905e-07 1.63861905e-07]
[0.1 0.1 0.1 0.1 0.1 0.1 0.1 0.1 0.1 0.1] [[-9.67968140e-02  4.62313062e-02 -6.31241451e+00  5.27771495e-02
   3.84514512e-02  8.13236610e-05 -6.01876916e-05 -1.25158557e-07
   3.48409638e-08  4.16149250e-11 -6.73242018e-12]
 [-9.67968140e-02  4.62313062e-02 -6.31241451e+00  5.27771495e-02
   3.84514512e-02  8.13236610e-05 -6.01876916e-05 -1.25158557e-07
   3.48409638e-08  4.16149250e-11 -6.73242018e-12]
 [-9.67968140e-02  4.62313062e-02 -6.31241451e+00  5.27771495e-02
   3.84514512e-02  8.13236610e-05 -6.01876916e-05 -1.25158557e-07
   3.48409638e-08  4.16149250e-11 -6.73242018e-12]
 [-9.67968140e-02  4.62313062e-02 -6.31241451e+00  5.27771495e-02
   3.84514512e-02  8.13236610e-05 -6.01876916e-05 -1.25158557e-07
   3.48409638e-08  4.16149250e-11 -6.73242018e-12]
 [-9.67968140e-02  4.62313062e-02 -6.31241451e+00  5.27771495e-02
   3.84514512e-02  8.13236610e-05 -6.01876916e-05 -1.25158557e-07
   3.48409638e-08  4.16149250e-11 -6.73242018e-12]
 [-9.67968140e-02  4.62313062e-02 -6.31241451e+00  5.27771495e-02
   3.84514512e-02  8.13236610e-05 -6.01876916e-05 -1.25158557e-07
   3.48409638e-08  4.16149250e-11 -6.73242018e-12]
 [-9.67968140e-02  4.62313062e-02 -6.31241451e+00  5.27771495e-02
   3.84514512e-02  8.13236610e-05 -6.01876916e-05 -1.25158557e-07
   3.48409638e-08  4.16149250e-11 -6.73242018e-12]
 [-9.67968140e-02  4.62313062e-02 -6.31241451e+00  5.27771495e-02
   3.84514512e-02  8.13236610e-05 -6.01876916e-05 -1.25158557e-07
   3.48409638e-08  4.16149250e-11 -6.73242018e-12]
 [-9.67968140e-02  4.62313062e-02 -6.31241451e+00  5.27771495e-02
   3.84514512e-02  8.13236610e-05 -6.01876916e-05 -1.25158557e-07
   3.48409638e-08  4.16149250e-11 -6.73242018e-12]
 [-9.67968140e-02  4.62313062e-02 -6.31241451e+00  5.27771495e-02
   3.84514512e-02  8.13236610e-05 -6.01876916e-05 -1.25158557e-07
   3.48409638e-08  4.16149250e-11 -6.73242018e-12]] [1.63861905e-07 1.63861905e-07 1.63861905e-07 1.63861905e-07
 1.63861905e-07 1.63861905e-07 1.63861905e-07 1.63861905e-07
 1.63861905e-07 1.63861905e-07]
[0.1 0.1 0.1 0.1 0.1 0.1 0.1 0.1 0.1 0.1] [[-9.67968140e-02  4.62313062e-02 -6.31241451e+00  5.27771495e-02
   3.84514512e-02  8.13236610e-05 -6.01876916e-05 -1.25158557e-07
   3.48409638e-08  4.16149250e-11 -6.73242018e-12]
 [-9.67968140e-02  4.62313062e-02 -6.31241451e+00  5.27771495e-02
   3.84514512e-02  8.13236610e-05 -6.01876916e-05 -1.25158557e-07
   3.48409638e-08  4.16149250e-11 -6.73242018e-12]
 [-9.67968140e-02  4.62313062e-02 -6.31241451e+00  5.27771495e-02
   3.84514512e-02  8.13236610e-05 -6.01876916e-05 -1.25158557e-07
   3.48409638e-08  4.16149250e-11 -6.73242018e-12]
 [-9.67968140e-02  4.62313062e-02 -6.31241451e+00  5.27771495e-02
   3.84514512e-02  8.13236610e-05 -6.01876916e-05 -1.25158557e-07
   3.48409638e-08  4.16149250e-11 -6.73242018e-12]
 [-9.67968140e-02  4.62313062e-02 -6.31241451e+00  5.27771495e-02
   3.84514512e-02  8.13236610e-05 -6.01876916e-05 -1.25158557e-07
   3.48409638e-08  4.16149250e-11 -6.73242018e-12]
 [-9.67968140e-02  4.62313062e-02 -6.31241451e+00  5.27771495e-02
   3.84514512e-02  8.13236610e-05 -6.01876916e-05 -1.25158557e-07
   3.48409638e-08  4.16149250e-11 -6.73242018e-12]
 [-9.67968140e-02  4.62313062e-02 -6.31241451e+00  5.27771495e-02
   3.84514512e-02  8.13236610e-05 -6.01876916e-05 -1.25158557e-07
   3.48409638e-08  4.16149250e-11 -6.73242018e-12]
 [-9.67968140e-02  4.62313062e-02 -6.31241451e+00  5.27771495e-02
   3.84514512e-02  8.13236610e-05 -6.01876916e-05 -1.25158557e-07
   3.48409638e-08  4.16149250e-11 -6.73242018e-12]
 [-9.67968140e-02  4.62313062e-02 -6.31241451e+00  5.27771495e-02
   3.84514512e-02  8.13236610e-05 -6.01876916e-05 -1.25158557e-07
   3.48409638e-08  4.16149250e-11 -6.73242018e-12]
 [-9.67968140e-02  4.62313062e-02 -6.31241451e+00  5.27771495e-02
   3.84514512e-02  8.13236610e-05 -6.01876916e-05 -1.25158557e-07
   3.48409638e-08  4.16149250e-11 -6.73242018e-12]] [1.63861905e-07 1.63861905e-07 1.63861905e-07 1.63861905e-07
 1.63861905e-07 1.63861905e-07 1.63861905e-07 1.63861905e-07
 1.63861905e-07 1.63861905e-07]
[0.1 0.1 0.1 0.1 0.1 0.1 0.1 0.1 0.1 0.1] [[-9.67968140e-02  4.62313062e-02 -6.31241451e+00  5.27771495e-02
   3.84514512e-02  8.13236610e-05 -6.01876916e-05 -1.25158557e-07
   3.48409638e-08  4.16149250e-11 -6.73242018e-12]
 [-9.67968140e-02  4.62313062e-02 -6.31241451e+00  5.27771495e-02
   3.84514512e-02  8.13236610e-05 -6.01876916e-05 -1.25158557e-07
   3.48409638e-08  4.16149250e-11 -6.73242018e-12]
 [-9.67968140e-02  4.62313062e-02 -6.31241451e+00  5.27771495e-02
   3.84514512e-02  8.13236610e-05 -6.01876916e-05 -1.25158557e-07
   3.48409638e-08  4.16149250e-11 -6.73242018e-12]
 [-9.67968140e-02  4.62313062e-02 -6.31241451e+00  5.27771495e-02
   3.84514512e-02  8.13236610e-05 -6.01876916e-05 -1.25158557e-07
   3.48409638e-08  4.16149250e-11 -6.73242018e-12]
 [-9.67968140e-02  4.62313062e-02 -6.31241451e+00  5.27771495e-02
   3.84514512e-02  8.13236610e-05 -6.01876916e-05 -1.25158557e-07
   3.48409638e-08  4.16149250e-11 -6.73242018e-12]
 [-9.67968140e-02  4.62313062e-02 -6.31241451e+00  5.27771495e-02
   3.84514512e-02  8.13236610e-05 -6.01876916e-05 -1.25158557e-07
   3.48409638e-08  4.16149250e-11 -6.73242018e-12]
 [-9.67968140e-02  4.62313062e-02 -6.31241451e+00  5.27771495e-02
   3.84514512e-02  8.13236610e-05 -6.01876916e-05 -1.25158557e-07
   3.48409638e-08  4.16149250e-11 -6.73242018e-12]
 [-9.67968140e-02  4.62313062e-02 -6.31241451e+00  5.27771495e-02
   3.84514512e-02  8.13236610e-05 -6.01876916e-05 -1.25158557e-07
   3.48409638e-08  4.16149250e-11 -6.73242018e-12]
 [-9.67968140e-02  4.62313062e-02 -6.31241451e+00  5.27771495e-02
   3.84514512e-02  8.13236610e-05 -6.01876916e-05 -1.25158557e-07
   3.48409638e-08  4.16149250e-11 -6.73242018e-12]
 [-9.67968140e-02  4.62313062e-02 -6.31241451e+00  5.27771495e-02
   3.84514512e-02  8.13236610e-05 -6.01876916e-05 -1.25158557e-07
   3.48409638e-08  4.16149250e-11 -6.73242018e-12]] [1.63861905e-07 1.63861905e-07 1.63861905e-07 1.63861905e-07
 1.63861905e-07 1.63861905e-07 1.63861905e-07 1.63861905e-07
 1.63861905e-07 1.63861905e-07]
[0.1 0.1 0.1 0.1 0.1 0.1 0.1 0.1 0.1 0.1] [[-9.67968140e-02  4.62313062e-02 -6.31241451e+00  5.27771495e-02
   3.84514512e-02  8.13236610e-05 -6.01876916e-05 -1.25158557e-07
   3.48409638e-08  4.16149250e-11 -6.73242018e-12]
 [-9.67968140e-02  4.62313062e-02 -6.31241451e+00  5.27771495e-02
   3.84514512e-02  8.13236610e-05 -6.01876916e-05 -1.25158557e-07
   3.48409638e-08  4.16149250e-11 -6.73242018e-12]
 [-9.67968140e-02  4.62313062e-02 -6.31241451e+00  5.27771495e-02
   3.84514512e-02  8.13236610e-05 -6.01876916e-05 -1.25158557e-07
   3.48409638e-08  4.16149250e-11 -6.73242018e-12]
 [-9.67968140e-02  4.62313062e-02 -6.31241451e+00  5.27771495e-02
   3.84514512e-02  8.13236610e-05 -6.01876916e-05 -1.25158557e-07
   3.48409638e-08  4.16149250e-11 -6.73242018e-12]
 [-9.67968140e-02  4.62313062e-02 -6.31241451e+00  5.27771495e-02
   3.84514512e-02  8.13236610e-05 -6.01876916e-05 -1.25158557e-07
   3.48409638e-08  4.16149250e-11 -6.73242018e-12]
 [-9.67968140e-02  4.62313062e-02 -6.31241451e+00  5.27771495e-02
   3.84514512e-02  8.13236610e-05 -6.01876916e-05 -1.25158557e-07
   3.48409638e-08  4.16149250e-11 -6.73242018e-12]
 [-9.67968140e-02  4.62313062e-02 -6.31241451e+00  5.27771495e-02
   3.84514512e-02  8.13236610e-05 -6.01876916e-05 -1.25158557e-07
   3.48409638e-08  4.16149250e-11 -6.73242018e-12]
 [-9.67968140e-02  4.62313062e-02 -6.31241451e+00  5.27771495e-02
   3.84514512e-02  8.13236610e-05 -6.01876916e-05 -1.25158557e-07
   3.48409638e-08  4.16149250e-11 -6.73242018e-12]
 [-9.67968140e-02  4.62313062e-02 -6.31241451e+00  5.27771495e-02
   3.84514512e-02  8.13236610e-05 -6.01876916e-05 -1.25158557e-07
   3.48409638e-08  4.16149250e-11 -6.73242018e-12]
 [-9.67968140e-02  4.62313062e-02 -6.31241451e+00  5.27771495e-02
   3.84514512e-02  8.13236610e-05 -6.01876916e-05 -1.25158557e-07
   3.48409638e-08  4.16149250e-11 -6.73242018e-12]] [1.63861905e-07 1.63861905e-07 1.63861905e-07 1.63861905e-07
 1.63861905e-07 1.63861905e-07 1.63861905e-07 1.63861905e-07
 1.63861905e-07 1.63861905e-07]
534523.5871216122 2784088.0676233554
534523.5871216122 2784088.0676233554
534523.5871216122 2784088.0676233554
534523.5871216122 2784088.0676233554
534523.5871216122 2784088.0676233554
534523.5871216122 2784088.0676233554
534523.5871216122 2784088.0676233554
534523.5871216122 2784088.0676233554
534523.5871216122 2784088.0676233554
534523.5871216122 2784088.0676233554
