[0.10557158 0.10747227 0.08997589 0.10739595 0.1070363  0.06602406
 0.10621147 0.1068531  0.09835059 0.10510878] [[-1.00000000e+01  1.00000000e+01 -5.81874693e+00  6.06677849e-02
   3.79460548e-02  8.11018278e-05 -6.01311896e-05 -1.25466721e-07
   3.48549677e-08  3.90145031e-11 -6.73120309e-12]
 [-1.00000000e+01  1.00000000e+01 -5.81874693e+00  6.06677849e-02
   3.80065503e-02  8.11018278e-05 -6.01311896e-05 -1.25466721e-07
   3.48549677e-08  3.90000989e-11 -6.73120309e-12]
 [-1.00000000e+01  1.00000000e+01 -5.81874693e+00  5.43745624e-02
   3.80065503e-02  8.11018278e-05 -6.01311896e-05 -1.25466721e-07
   3.48549677e-08  3.90145031e-11 -6.73120309e-12]
 [-1.00000000e+01  1.00000000e+01 -5.81874693e+00  6.06677849e-02
   3.80065503e-02  8.11018278e-05 -6.01311896e-05 -1.25466721e-07
   3.48549677e-08  3.90145031e-11 -6.73089267e-12]
 [-1.00000000e+01  1.00000000e+01 -5.81874693e+00  6.06677849e-02
   3.80065503e-02  8.12184763e-05 -6.01311896e-05 -1.25466721e-07
   3.48549677e-08  3.90412111e-11 -6.73120309e-12]
 [-1.00000000e+01 -1.00000000e+01 -5.81874693e+00  6.06677849e-02
   3.80065503e-02  8.11018278e-05 -6.01311896e-05 -1.25466721e-07
   3.48549677e-08  3.90145031e-11 -6.73120309e-12]
 [ 1.00000000e+01  1.00000000e+01 -5.81874693e+00  6.06677849e-02
   3.80065503e-02  8.11018278e-05 -6.01311896e-05 -1.25466721e-07
   3.48549677e-08  3.90145031e-11 -6.73120309e-12]
 [-1.00000000e+01  1.00000000e+01 -5.81874693e+00  6.06677849e-02
   3.80065503e-02  8.11018278e-05 -6.01311896e-05 -1.25313280e-07
   3.48549677e-08  3.90145031e-11 -6.73120309e-12]
 [-1.00000000e+01  1.00000000e+01 -5.81874693e+00  6.06677849e-02
   3.80065503e-02  7.88714357e-05 -6.01311896e-05 -1.25466721e-07
   3.48549677e-08  3.90145031e-11 -6.73120309e-12]
 [-1.00000000e+01  1.00000000e+01 -5.81874693e+00  6.06677849e-02
   3.80065503e-02  8.11018278e-05 -6.01120733e-05 -1.25466721e-07
   3.48549677e-08  3.90145031e-11 -6.73120309e-12]] [6.68214789e-07 6.80245221e-07 5.69501970e-07 6.79762151e-07
 6.77485712e-07 4.17898978e-07 6.72264963e-07 6.76326133e-07
 6.22509584e-07 6.65285504e-07]
568386.6671810448 928138.1274278421
672950.7232921871 797107.3819193332
1059617.239911187 696302.9364264264
671535.7599851538 799567.0340035355
641480.5135271332 834565.3760002845
1358914.2605482058 1034008.5595628988
674009.3964866712 813499.3323741172
632527.9296258807 846048.6792306958
954053.6847431321 652347.286191559
754617.7310040743 748496.3361257226
