[0.07900698 0.04772698 0.1285994  0.04194772 0.12846358 0.07923862
 0.12863057 0.12884333 0.12439024 0.11315258] [[-1.00000000e+01 -1.00000000e+01 -5.81874693e+00  6.11143202e-02
   3.79562556e-02  8.12934758e-05 -6.01120733e-05 -1.25744629e-07
   3.48542667e-08  3.90655368e-11 -6.73018733e-12]
 [-1.00000000e+01  1.00000000e+01 -5.81874693e+00  4.24537366e-02
   3.79562556e-02  8.12934758e-05 -6.01120733e-05 -1.25744629e-07
   3.48542667e-08  3.90655368e-11 -6.72985626e-12]
 [-1.00000000e+01  1.00000000e+01 -5.81874693e+00  6.11143202e-02
   3.79562556e-02  8.12934758e-05 -6.01120733e-05 -1.25744629e-07
   3.48542667e-08  3.90655368e-11 -6.72996662e-12]
 [-1.00000000e+01  1.00000000e+01 -4.98081541e+00  6.11143202e-02
   3.79562556e-02  8.12934758e-05 -6.01120733e-05 -1.25744629e-07
   3.48555581e-08  3.90655368e-11 -6.73018733e-12]
 [-1.00000000e+01  1.00000000e+01 -5.81874693e+00  6.11143202e-02
   3.79562556e-02  8.12934758e-05 -6.01120733e-05 -1.25744629e-07
   3.48555581e-08  3.90655368e-11 -6.72952992e-12]
 [-1.00000000e+01 -1.00000000e+01 -5.81874693e+00  6.11143202e-02
   3.79562556e-02  8.12934758e-05 -6.01120733e-05 -1.25744629e-07
   3.48555581e-08  3.90655368e-11 -6.73018733e-12]
 [-1.00000000e+01  1.00000000e+01 -5.81874693e+00  6.11143202e-02
   3.79562556e-02  8.12934758e-05 -6.01120733e-05 -1.25791550e-07
   3.48555581e-08  3.90655368e-11 -6.73018733e-12]
 [-1.00000000e+01  1.00000000e+01 -5.81874693e+00  6.11143202e-02
   3.79562556e-02  8.12934758e-05 -6.01120733e-05 -1.25744629e-07
   3.48542667e-08  3.90254989e-11 -6.72985626e-12]
 [-1.00000000e+01  1.00000000e+01 -5.81874693e+00  6.11143202e-02
   3.79562556e-02  8.12934758e-05 -6.01120733e-05 -1.25234781e-07
   3.48542667e-08  3.90655368e-11 -6.72985626e-12]
 [-1.00000000e+01  1.00000000e+01 -5.81874693e+00  6.11143202e-02
   3.78222756e-02  8.12934758e-05 -6.01120733e-05 -1.25744629e-07
   3.48542667e-08  3.90655368e-11 -6.72985626e-12]] [4.22275273e-07 2.55090427e-07 6.87336067e-07 2.24201491e-07
 6.86610099e-07 4.23513339e-07 6.87502640e-07 6.88639817e-07
 6.64838987e-07 6.04776139e-07]
1332980.1586821214 1035143.3478227832
2499259.2431688583 1420919.2307250616
661226.4383680488 793665.9324749339
2564356.0016550063 1895917.6417004168
681060.2316415609 775370.4294506635
1342629.9938948038 1018570.7230358444
678911.3225103768 775628.547116075
683115.0425375702 769022.8897589392
565463.3463833205 938660.2384996308
510214.3142190793 1143290.074268134
