[3.66983965e-01 4.38086320e-17 3.67084810e-01 7.37850651e-11
 5.00539597e-17 6.77127317e-24 1.66191598e-20 3.11457304e-04
 3.33978967e-24 2.65619768e-01] [[ 1.01140448e+00  6.39816147e-02 -6.32813312e+00  3.98981302e-02
   3.84821353e-02  8.13236610e-05 -6.01876916e-05 -1.25158557e-07
   3.48409638e-08  4.16149250e-11 -6.73242018e-12]
 [ 1.96252548e+00  6.39816147e-02 -6.32813312e+00  3.98981302e-02
   3.84821353e-02  8.13236610e-05 -6.01876916e-05 -3.87520150e-01
   3.48409638e-08  4.16149250e-11 -6.73242018e-12]
 [-3.74745204e-02  6.39816147e-02 -6.32813312e+00  3.98981302e-02
   3.84821353e-02  8.13236610e-05 -6.01876916e-05 -1.25158557e-07
   3.48409638e-08  4.16149250e-11 -6.73242018e-12]
 [ 1.96252548e+00  6.39816147e-02 -6.32813312e+00  3.98981302e-02
   3.84821353e-02  6.32761624e-01 -6.01876916e-05 -1.25158557e-07
   3.48409638e-08  4.16149250e-11 -6.73242018e-12]
 [ 1.96252548e+00  6.39816147e-02 -6.32813312e+00  3.98981302e-02
   3.84821353e-02  8.13236610e-05 -6.01876916e-05 -3.62539161e-01
   3.48409638e-08  4.16149250e-11 -6.73242018e-12]
 [ 1.96252548e+00  6.39816147e-02 -6.32813312e+00  3.98981302e-02
   3.84821353e-02  8.13236610e-05 -6.01876916e-05 -1.25158557e-07
   3.48409638e-08 -4.57618100e-01 -6.73242018e-12]
 [ 1.96252548e+00  6.39816147e-02 -6.32813312e+00  3.98981302e-02
   3.84821353e-02  8.13236610e-05 -6.01876916e-05 -1.25158557e-07
  -4.29410276e-01  4.16149250e-11 -6.73242018e-12]
 [ 1.96252548e+00  6.39816147e-02 -6.32813312e+00  6.71711297e-01
   3.84821353e-02  8.13236610e-05 -6.01876916e-05 -1.25158557e-07
   3.48409638e-08  4.16149250e-11 -6.73242018e-12]
 [ 1.96252548e+00  6.39816147e-02 -6.32813312e+00  3.98981302e-02
   3.84821353e-02  8.13236610e-05 -6.01876916e-05 -1.25158557e-07
   3.48409638e-08 -6.51596589e-01 -6.73242018e-12]
 [ 1.96252548e+00  6.39816147e-02 -5.78785252e+00  3.98981302e-02
   3.84821353e-02  8.13236610e-05 -6.01876916e-05 -1.25158557e-07
   3.48409638e-08  4.16149250e-11 -6.73242018e-12]] [2.63506574e-07 3.14560406e-23 2.63578984e-07 5.29801069e-17
 3.59403916e-23 4.86199715e-30 1.19331041e-26 2.23636602e-10
 2.39807898e-30 1.90723741e-07]
[3.28378609e-01 3.28551190e-01 1.51323228e-18 1.31849233e-02
 1.08071222e-07 6.63200139e-08 3.28466310e-01 1.41802010e-03
 8.96484379e-18 7.73105420e-07] [[ 1.01140448e+00  1.68077758e-02 -6.32813312e+00  3.98981302e-02
   3.84821353e-02  8.13236610e-05 -6.01876916e-05 -1.25158557e-07
   3.48409638e-08  4.16149250e-11 -6.73242018e-12]
 [-3.74745204e-02  6.39816147e-02 -6.32813312e+00  3.98981302e-02
   3.84821353e-02  8.13236610e-05 -6.01876916e-05 -1.25158557e-07
   3.48409638e-08  4.16149250e-11 -6.73242018e-12]
 [ 1.01140448e+00  6.39816147e-02 -6.32813312e+00  3.98981302e-02
   3.84821353e-02  8.13236610e-05 -6.01876916e-05 -1.25158557e-07
   4.25738448e-02  4.16149250e-11 -6.73242018e-12]
 [ 1.01140448e+00  6.39816147e-02 -6.32813312e+00 -5.20556031e-02
   3.84821353e-02  8.13236610e-05 -6.01876916e-05 -1.25158557e-07
   3.48409638e-08  4.16149250e-11 -6.73242018e-12]
 [ 1.01140448e+00  6.39816147e-02 -6.32813312e+00  3.98981302e-02
  -6.74726858e-01  8.13236610e-05 -6.01876916e-05 -1.25158557e-07
   3.48409638e-08  4.16149250e-11 -6.73242018e-12]
 [ 1.01140448e+00  6.39816147e-02 -6.32813312e+00  3.98981302e-02
   9.49025028e-01  8.13236610e-05 -6.01876916e-05 -1.25158557e-07
   3.48409638e-08  4.16149250e-11 -6.73242018e-12]
 [ 9.49066841e-01  6.39816147e-02 -6.32813312e+00  3.98981302e-02
   3.84821353e-02  8.13236610e-05 -6.01876916e-05 -1.25158557e-07
   3.48409638e-08  4.16149250e-11 -6.73242018e-12]
 [ 1.01140448e+00  6.39816147e-02 -6.32813312e+00  3.18626204e-01
   3.84821353e-02  8.13236610e-05 -6.01876916e-05 -1.25158557e-07
   3.48409638e-08  4.16149250e-11 -6.73242018e-12]
 [ 1.01140448e+00  6.39816147e-02 -6.32813312e+00  3.98981302e-02
   3.84821353e-02  8.13236610e-05 -6.01876916e-05 -8.10440272e-01
   3.48409638e-08  4.16149250e-11 -6.73242018e-12]
 [ 1.01140448e+00  6.39816147e-02 -6.32813312e+00  3.98981302e-02
   3.05202887e-01  8.13236610e-05 -6.01876916e-05 -1.25158557e-07
   3.48409638e-08  4.16149250e-11 -6.73242018e-12]] [2.63440532e-07 2.63578984e-07 1.21398503e-24 1.05775562e-08
 8.66997402e-14 5.32049872e-14 2.63510889e-07 1.13760141e-09
 7.19201296e-24 6.20220980e-13]
[3.35375712e-01 1.18680597e-04 3.26566758e-01 2.92923403e-11
 1.46432778e-03 3.36474422e-01 8.38618092e-24 9.96294252e-08
 7.03611428e-15 1.43505878e-19] [[-3.74745204e-02  6.39816147e-02 -6.32813312e+00  3.98981302e-02
   3.84821353e-02  8.13236610e-05 -6.01876916e-05 -1.25158557e-07
   3.48409638e-08  4.16149250e-11 -6.73242018e-12]
 [ 9.49066841e-01  6.39816147e-02 -6.32813312e+00  1.01937278e+00
   3.84821353e-02  8.13236610e-05 -6.01876916e-05 -1.25158557e-07
   3.48409638e-08  4.16149250e-11 -6.73242018e-12]
 [ 9.49066841e-01  6.39816147e-02 -6.15386944e+00  3.98981302e-02
   3.84821353e-02  8.13236610e-05 -6.01876916e-05 -1.25158557e-07
   3.48409638e-08  4.16149250e-11 -6.73242018e-12]
 [ 9.49066841e-01  6.39816147e-02 -6.32813312e+00  3.98981302e-02
   3.84821353e-02  9.59867519e-01 -6.01876916e-05 -1.25158557e-07
   3.48409638e-08  4.16149250e-11 -6.73242018e-12]
 [ 9.49066841e-01  6.39816147e-02 -6.32813312e+00  3.17001264e-01
   3.84821353e-02  8.13236610e-05 -6.01876916e-05 -1.25158557e-07
   3.48409638e-08  4.16149250e-11 -6.73242018e-12]
 [ 9.49066841e-01  8.28840025e-01 -6.32813312e+00  3.98981302e-02
   3.84821353e-02  8.13236610e-05 -6.01876916e-05 -1.25158557e-07
   3.48409638e-08  4.16149250e-11 -6.73242018e-12]
 [ 9.49066841e-01  6.39816147e-02 -6.32813312e+00  3.98981302e-02
   3.84821353e-02  8.13236610e-05 -6.01876916e-05 -1.25158557e-07
   3.48409638e-08 -3.93041894e-01 -6.73242018e-12]
 [ 9.49066841e-01  6.39816147e-02 -6.32813312e+00  3.98981302e-02
   7.89063765e-01  8.13236610e-05 -6.01876916e-05 -1.25158557e-07
   3.48409638e-08  4.16149250e-11 -6.73242018e-12]
 [ 9.49066841e-01  6.39816147e-02 -6.32813312e+00  3.98981302e-02
   3.84821353e-02  8.13236610e-05 -6.01876916e-05 -2.92275239e-02
   3.48409638e-08  4.16149250e-11 -6.73242018e-12]
 [ 9.49066841e-01  6.39816147e-02 -6.32813312e+00  3.98981302e-02
   3.84821353e-02  8.13236610e-05 -6.01876916e-05 -1.25158557e-07
   1.39676988e-01  4.16149250e-11 -6.73242018e-12]] [2.63578984e-07 9.32736329e-11 2.56655837e-07 2.30214801e-17
 1.15084669e-09 2.64442484e-07 6.59087991e-30 7.83009076e-14
 5.52983351e-21 1.12784356e-25]
[2.18439043e-01 2.19258246e-01 2.19258246e-01 2.93399121e-11
 2.19200444e-01 8.68780041e-14 6.00758277e-26 1.23844020e-01
 3.53187158e-17 1.76561191e-13] [[ 7.60508526e-01  6.39816147e-02 -6.32813312e+00  3.98981302e-02
   3.84821353e-02  8.13236610e-05 -6.01876916e-05 -1.25158557e-07
   3.48409638e-08  4.16149250e-11 -6.73242018e-12]
 [-3.74745204e-02  8.28840025e-01 -6.32813312e+00  3.98981302e-02
   3.84821353e-02  8.13236610e-05 -6.01876916e-05 -1.25158557e-07
   3.48409638e-08  4.16149250e-11 -6.73242018e-12]
 [-3.74745204e-02  8.28840025e-01 -6.32813312e+00  3.98981302e-02
   3.84821353e-02  8.13236610e-05 -6.01876916e-05 -1.25158557e-07
   3.48409638e-08  4.16149250e-11 -6.73242018e-12]
 [-3.74745204e-02  6.39816147e-02 -6.32813312e+00  3.98981302e-02
   3.84821353e-02  7.74127084e-01 -6.01876916e-05 -1.25158557e-07
   3.48409638e-08  4.16149250e-11 -6.73242018e-12]
 [ 9.49066841e-01  8.28840025e-01 -6.32813312e+00  3.98981302e-02
   3.84821353e-02  8.13236610e-05 -6.01876916e-05 -1.25158557e-07
   3.48409638e-08  4.16149250e-11 -6.73242018e-12]
 [-3.74745204e-02  6.39816147e-02 -6.32813312e+00  3.98981302e-02
   3.84821353e-02  8.13236610e-05 -3.09867347e-01 -1.25158557e-07
   3.48409638e-08  4.16149250e-11 -6.73242018e-12]
 [-3.74745204e-02  6.39816147e-02 -6.32813312e+00  3.98981302e-02
   3.84821353e-02  8.13236610e-05 -6.01876916e-05 -1.25158557e-07
   3.48409638e-08  4.16149250e-11  8.04026170e-02]
 [-3.74745204e-02  6.39816147e-02 -7.00479948e+00  3.98981302e-02
   3.84821353e-02  8.13236610e-05 -6.01876916e-05 -1.25158557e-07
   3.48409638e-08  4.16149250e-11 -6.73242018e-12]
 [-3.74745204e-02  6.39816147e-02 -6.32813312e+00  3.98981302e-02
   3.84821353e-02  8.13236610e-05 -6.01876916e-05  3.32965059e-01
   3.48409638e-08  4.16149250e-11 -6.73242018e-12]
 [-3.74745204e-02  6.39816147e-02 -6.32813312e+00  3.98981302e-02
   3.84821353e-02  8.13236610e-05  2.17259379e-01 -1.25158557e-07
   3.48409638e-08  4.16149250e-11 -6.73242018e-12]] [2.63523933e-07 2.64512216e-07 2.64512216e-07 3.53955451e-17
 2.64442484e-07 1.04809255e-19 7.24752230e-32 1.49404900e-07
 4.26083485e-23 2.13002670e-19]
[5.00136505e-01 4.99865599e-13 4.99863494e-01 5.24015775e-11
 9.31810541e-21 1.28187592e-09 5.78444621e-14 2.43989119e-27
 1.68349835e-23 1.48207032e-17] [[ 4.27459139e-01  8.28840025e-01 -6.32813312e+00  3.98981302e-02
   3.84821353e-02  8.13236610e-05 -6.01876916e-05 -1.25158557e-07
   3.48409638e-08  4.16149250e-11 -6.73242018e-12]
 [-3.74745204e-02  8.28840025e-01 -6.32813312e+00  3.98981302e-02
   3.84821353e-02  8.13236610e-05 -1.95140290e-01 -1.25158557e-07
   3.48409638e-08  4.16149250e-11 -6.73242018e-12]
 [-3.74745204e-02  6.65434217e-01 -6.32813312e+00  3.98981302e-02
   3.84821353e-02  8.13236610e-05 -6.01876916e-05 -1.25158557e-07
   3.48409638e-08  4.16149250e-11 -6.73242018e-12]
 [-3.74745204e-02  8.28840025e-01 -6.32813312e+00  3.98981302e-02
   3.84821353e-02  8.74898155e-01 -6.01876916e-05 -1.25158557e-07
   3.48409638e-08  4.16149250e-11 -6.73242018e-12]
 [-3.74745204e-02  8.28840025e-01 -6.32813312e+00  3.98981302e-02
   3.84821353e-02  8.13236610e-05 -6.01876916e-05 -1.25158557e-07
  -6.68241901e-01  4.16149250e-11 -6.73242018e-12]
 [-3.74745204e-02  8.28840025e-01 -6.32813312e+00  3.98981302e-02
   3.84821353e-02  1.76954786e-01 -6.01876916e-05 -1.25158557e-07
   3.48409638e-08  4.16149250e-11 -6.73242018e-12]
 [-3.74745204e-02  8.28840025e-01 -6.32813312e+00  3.98981302e-02
   3.84821353e-02  8.13236610e-05  5.73407273e-01 -1.25158557e-07
   3.48409638e-08  4.16149250e-11 -6.73242018e-12]
 [-3.74745204e-02  8.28840025e-01 -6.32813312e+00  3.98981302e-02
   3.84821353e-02  8.13236610e-05 -6.01876916e-05 -1.25158557e-07
   3.48409638e-08  4.16149250e-11 -6.02598558e-01]
 [-3.74745204e-02  8.28840025e-01 -6.32813312e+00  3.98981302e-02
   3.84821353e-02  8.13236610e-05 -6.01876916e-05 -1.25158557e-07
   3.48409638e-08 -3.38183605e-01 -6.73242018e-12]
 [-3.74745204e-02  8.28840025e-01 -6.32813312e+00  3.98981302e-02
   3.84821353e-02  8.13236610e-05 -6.01876916e-05  7.76354463e-01
   3.48409638e-08  4.16149250e-11 -6.73242018e-12]] [2.64479399e-07 2.64336140e-19 2.64335027e-07 2.77107101e-17
 4.92754857e-27 6.77874481e-16 3.05889861e-20 1.29024966e-33
 8.90258214e-30 7.83740166e-24]
[3.46632671e-10 1.93291619e-17 1.24757410e-23 5.25098823e-23
 9.99999998e-01 2.36931288e-27 4.81212528e-13 1.80750842e-09
 2.31893674e-13 1.01635406e-25] [[ 4.27459139e-01  8.28840025e-01 -6.32813312e+00  3.98981302e-02
   3.84821353e-02 -4.80882006e-01 -6.01876916e-05 -1.25158557e-07
   3.48409638e-08  4.16149250e-11 -6.73242018e-12]
 [ 4.27459139e-01  8.28840025e-01 -6.32813312e+00  3.98981302e-02
   3.84821353e-02  8.13236610e-05 -6.01876916e-05 -9.61264443e-01
   3.48409638e-08  4.16149250e-11 -6.73242018e-12]
 [ 4.27459139e-01  8.28840025e-01 -6.32813312e+00  3.98981302e-02
   3.84821353e-02  8.13236610e-05 -6.01876916e-05 -1.25158557e-07
   3.48409638e-08  5.55495474e-01 -6.73242018e-12]
 [ 4.27459139e-01  8.28840025e-01 -6.32813312e+00  3.98981302e-02
   3.84821353e-02  8.13236610e-05 -6.01876916e-05 -1.25158557e-07
   3.48409638e-08 -2.70765406e-01 -6.73242018e-12]
 [ 4.11620141e-01  8.28840025e-01 -6.32813312e+00  3.98981302e-02
   3.84821353e-02  8.13236610e-05 -6.01876916e-05 -1.25158557e-07
   3.48409638e-08  4.16149250e-11 -6.73242018e-12]
 [ 4.27459139e-01  8.28840025e-01 -6.32813312e+00  3.98981302e-02
   3.84821353e-02  8.13236610e-05 -6.01876916e-05 -1.25158557e-07
   3.48409638e-08  4.16149250e-11 -8.64682985e-01]
 [ 4.27459139e-01  8.28840025e-01 -6.32813312e+00  3.98981302e-02
   3.84821353e-02  8.13236610e-05  2.81082009e-01 -1.25158557e-07
   3.48409638e-08  4.16149250e-11 -6.73242018e-12]
 [ 4.27459139e-01  8.28840025e-01 -6.32813312e+00  3.98981302e-02
   3.84821353e-02  2.10702018e-01 -6.01876916e-05 -1.25158557e-07
   3.48409638e-08  4.16149250e-11 -6.73242018e-12]
 [ 4.27459139e-01  8.28840025e-01 -6.32813312e+00  3.98981302e-02
   3.84821353e-02  8.13236610e-05  4.04935160e-01 -1.25158557e-07
   3.48409638e-08  4.16149250e-11 -6.73242018e-12]
 [ 4.27459139e-01  8.28840025e-01 -6.32813312e+00  3.98981302e-02
   3.84821353e-02  8.13236610e-05 -6.01876916e-05 -1.25158557e-07
   3.48409638e-08  4.16149250e-11 -1.32021787e-01]] [9.16775888e-17 5.11218677e-24 3.29959044e-30 1.38878409e-29
 2.64480518e-07 6.26637100e-34 1.27271339e-19 4.78050764e-16
 6.13313592e-20 2.68805849e-32]
[1.66667019e-01 1.66666314e-01 1.66666314e-01 1.66666314e-01
 1.66667019e-01 3.23594384e-27 3.69852579e-28 3.01370558e-10
 5.91517713e-12 1.66667019e-01] [[ 4.11620141e-01  8.28840025e-01 -6.32813312e+00  3.98981302e-02
   3.84821353e-02  8.13236610e-05 -6.01876916e-05 -1.25158557e-07
   3.48409638e-08  4.16149250e-11 -6.73242018e-12]
 [ 4.27459139e-01  8.28840025e-01 -6.32813312e+00  3.98981302e-02
   3.84821353e-02  8.13236610e-05 -6.01876916e-05 -1.25158557e-07
   3.48409638e-08  4.16149250e-11 -6.73242018e-12]
 [ 4.27459139e-01  8.28840025e-01 -6.32813312e+00  3.98981302e-02
   3.84821353e-02  8.13236610e-05 -6.01876916e-05 -1.25158557e-07
   3.48409638e-08  4.16149250e-11 -6.73242018e-12]
 [ 4.27459139e-01  8.28840025e-01 -6.32813312e+00  3.98981302e-02
   3.84821353e-02  8.13236610e-05 -6.01876916e-05 -1.25158557e-07
   3.48409638e-08  4.16149250e-11 -6.73242018e-12]
 [ 4.11620141e-01  8.28840025e-01 -6.32813312e+00  3.98981302e-02
   3.84821353e-02  8.13236610e-05 -6.01876916e-05 -1.25158557e-07
   3.48409638e-08  4.16149250e-11 -6.73242018e-12]
 [ 4.27459139e-01  8.28840025e-01 -6.32813312e+00  3.98981302e-02
   3.84821353e-02  2.10702018e-01 -6.01876916e-05 -1.25158557e-07
   3.48409638e-08  4.16149250e-11 -3.02059478e-01]
 [ 4.11620141e-01  8.28840025e-01 -6.32813312e+00  3.98981302e-02
   3.84821353e-02  2.10702018e-01 -6.01876916e-05 -1.25158557e-07
   3.48409638e-08  4.16149250e-11 -8.93467233e-01]
 [ 4.27459139e-01  8.28840025e-01 -6.32813312e+00 -4.62459214e-02
   3.84821353e-02  2.10702018e-01 -6.01876916e-05 -1.25158557e-07
   3.48409638e-08  4.16149250e-11 -6.73242018e-12]
 [ 4.11620141e-01  8.28840025e-01 -6.32813312e+00  3.98981302e-02
   3.84821353e-02  2.10702018e-01 -3.34629255e-02 -1.25158557e-07
   3.48409638e-08  4.16149250e-11 -6.73242018e-12]
 [ 4.11620141e-01  8.28840025e-01 -6.32813312e+00  3.98981302e-02
   3.84821353e-02  8.13236610e-05 -6.01876916e-05 -1.25158557e-07
   3.48409638e-08  4.16149250e-11 -6.73242018e-12]] [2.64480518e-07 2.64479399e-07 2.64479399e-07 2.64479399e-07
 2.64480518e-07 5.13505377e-33 5.86911569e-34 4.78238836e-16
 9.38667483e-18 2.64480518e-07]
[1.73618415e-08 2.73944544e-07 5.91459383e-17 1.10037149e-22
 2.82568376e-04 1.44621603e-20 6.88540622e-01 2.32665492e-09
 5.40225482e-14 3.11176516e-01] [[ 4.11620141e-01  8.28840025e-01 -6.32813312e+00  3.98981302e-02
   3.84821353e-02 -5.64082837e-02 -6.01876916e-05 -1.25158557e-07
   3.48409638e-08  4.16149250e-11 -6.73242018e-12]
 [ 4.11620141e-01  8.28840025e-01 -6.32813312e+00  3.98981302e-02
   6.87061211e-01  8.13236610e-05 -6.01876916e-05 -1.25158557e-07
   3.48409638e-08  4.16149250e-11 -6.73242018e-12]
 [ 4.11620141e-01  8.28840025e-01 -6.32813312e+00  3.98981302e-02
   3.84821353e-02  8.13236610e-05 -6.01876916e-05  4.56766125e-01
   3.48409638e-08  4.16149250e-11 -6.73242018e-12]
 [ 4.11620141e-01  8.28840025e-01 -6.32813312e+00  3.98981302e-02
   3.84821353e-02  8.13236610e-05 -6.01876916e-05 -1.25158557e-07
   3.48409638e-08 -1.55471637e-01 -6.73242018e-12]
 [ 4.11620141e-01  8.28840025e-01 -6.32813312e+00  9.48903768e-01
   3.84821353e-02  8.13236610e-05 -6.01876916e-05 -1.25158557e-07
   3.48409638e-08  4.16149250e-11 -6.73242018e-12]
 [ 4.11620141e-01  8.28840025e-01 -6.32813312e+00  3.98981302e-02
   3.84821353e-02  8.13236610e-05 -6.01876916e-05 -1.25158557e-07
  -6.30438705e-01  4.16149250e-11 -6.73242018e-12]
 [ 4.11620141e-01  8.55250235e-02 -6.32813312e+00  3.98981302e-02
   3.84821353e-02  8.13236610e-05 -6.01876916e-05 -1.25158557e-07
   3.48409638e-08  4.16149250e-11 -6.73242018e-12]
 [ 4.11620141e-01  8.28840025e-01 -6.32813312e+00  3.98981302e-02
   3.84821353e-02 -1.54227732e-01 -6.01876916e-05 -1.25158557e-07
   3.48409638e-08  4.16149250e-11 -6.73242018e-12]
 [ 4.11620141e-01  8.28840025e-01 -6.32813312e+00  3.98981302e-02
   3.84821353e-02  8.13236610e-05 -6.97511745e-01 -1.25158557e-07
   3.48409638e-08  4.16149250e-11 -6.73242018e-12]
 [ 4.11620141e-01  8.28840025e-01 -5.39712120e+00  3.98981302e-02
   3.84821353e-02  8.13236610e-05 -6.01876916e-05 -1.25158557e-07
   3.48409638e-08  4.16149250e-11 -6.73242018e-12]] [6.64622741e-15 1.04867778e-13 2.26414552e-23 4.21229464e-29
 1.08169038e-10 5.53621034e-27 2.63577891e-07 8.90658848e-16
 2.06801877e-20 1.19120423e-07]
[1.34132397e-01 6.06138836e-02 1.34132397e-01 1.34132397e-01
 1.34132397e-01 1.34132397e-01 8.20764230e-25 1.34132397e-01
 2.91303157e-18 1.34591736e-01] [[ 4.11620141e-01  8.55250235e-02 -6.32813312e+00  3.98981302e-02
   3.84821353e-02  8.13236610e-05 -6.01876916e-05 -1.25158557e-07
   3.48409638e-08  4.16149250e-11 -6.73242018e-12]
 [ 5.16168645e-01  8.28840025e-01 -5.39712120e+00  3.98981302e-02
   3.84821353e-02  8.13236610e-05 -6.01876916e-05 -1.25158557e-07
   3.48409638e-08  4.16149250e-11 -6.73242018e-12]
 [ 4.11620141e-01  8.55250235e-02 -6.32813312e+00  3.98981302e-02
   3.84821353e-02  8.13236610e-05 -6.01876916e-05 -1.25158557e-07
   3.48409638e-08  4.16149250e-11 -6.73242018e-12]
 [ 4.11620141e-01  8.55250235e-02 -6.32813312e+00  3.98981302e-02
   3.84821353e-02  8.13236610e-05 -6.01876916e-05 -1.25158557e-07
   3.48409638e-08  4.16149250e-11 -6.73242018e-12]
 [ 4.11620141e-01  8.55250235e-02 -6.32813312e+00  3.98981302e-02
   3.84821353e-02  8.13236610e-05 -6.01876916e-05 -1.25158557e-07
   3.48409638e-08  4.16149250e-11 -6.73242018e-12]
 [ 4.11620141e-01  8.55250235e-02 -6.32813312e+00  3.98981302e-02
   3.84821353e-02  8.13236610e-05 -6.01876916e-05 -1.25158557e-07
   3.48409638e-08  4.16149250e-11 -6.73242018e-12]
 [ 4.11620141e-01  8.55250235e-02 -5.39712120e+00  3.98981302e-02
   3.84821353e-02  8.13236610e-05 -6.01876916e-05 -1.25158557e-07
   3.48409638e-08 -7.94536195e-01 -6.73242018e-12]
 [ 4.11620141e-01  8.55250235e-02 -6.32813312e+00  3.98981302e-02
   3.84821353e-02  8.13236610e-05 -6.01876916e-05 -1.25158557e-07
   3.48409638e-08  4.16149250e-11 -6.73242018e-12]
 [ 4.11620141e-01  8.28840025e-01 -5.39712120e+00  3.98981302e-02
   3.84821353e-02  8.13236610e-05 -6.01876916e-05  9.08418298e-01
   3.48409638e-08  4.16149250e-11 -6.73242018e-12]
 [ 4.11620141e-01  8.28840025e-01 -6.32813312e+00  3.98981302e-02
   3.84821353e-02  8.13236610e-05 -6.01876916e-05 -1.25158557e-07
   3.48409638e-08  4.16149250e-11 -6.73242018e-12]] [2.63577891e-07 1.19109775e-07 2.63577891e-07 2.63577891e-07
 2.63577891e-07 2.63577891e-07 1.61284902e-30 2.63577891e-07
 5.72427494e-24 2.64480518e-07]
[1.62518526e-01 1.62518526e-01 1.62518526e-01 2.58484632e-02
 1.62518526e-01 1.61558906e-01 8.51328317e-28 1.62518526e-01
 1.54384857e-11 6.93670740e-11] [[ 4.11620141e-01  8.28840025e-01 -6.32813312e+00  3.98981302e-02
   3.84821353e-02  8.13236610e-05 -6.01876916e-05 -1.25158557e-07
   3.48409638e-08  4.16149250e-11 -6.73242018e-12]
 [ 4.11620141e-01  8.28840025e-01 -6.32813312e+00  3.98981302e-02
   3.84821353e-02  8.13236610e-05 -6.01876916e-05 -1.25158557e-07
   3.48409638e-08  4.16149250e-11 -6.73242018e-12]
 [ 4.11620141e-01  8.28840025e-01 -6.32813312e+00  3.98981302e-02
   3.84821353e-02  8.13236610e-05 -6.01876916e-05 -1.25158557e-07
   3.48409638e-08  4.16149250e-11 -6.73242018e-12]
 [ 4.11620141e-01  8.55250235e-02 -6.32813312e+00  8.06247774e-02
   3.84821353e-02  8.13236610e-05 -6.01876916e-05 -1.25158557e-07
   3.48409638e-08  4.16149250e-11 -6.73242018e-12]
 [ 4.11620141e-01  8.28840025e-01 -6.32813312e+00  3.98981302e-02
   3.84821353e-02  8.13236610e-05 -6.01876916e-05 -1.25158557e-07
   3.48409638e-08  4.16149250e-11 -6.73242018e-12]
 [ 4.11620141e-01 -3.59781471e-01 -6.32813312e+00  3.98981302e-02
   3.84821353e-02  8.13236610e-05 -6.01876916e-05 -1.25158557e-07
   3.48409638e-08  4.16149250e-11 -6.73242018e-12]
 [ 4.11620141e-01  8.55250235e-02 -6.32813312e+00  3.98981302e-02
   3.84821353e-02  8.13236610e-05 -6.01876916e-05 -1.25158557e-07
   3.48409638e-08  4.16149250e-11  5.81528521e-01]
 [ 4.11620141e-01  8.28840025e-01 -6.32813312e+00  3.98981302e-02
   3.84821353e-02  8.13236610e-05 -6.01876916e-05 -1.25158557e-07
   3.48409638e-08  4.16149250e-11 -6.73242018e-12]
 [ 4.11620141e-01  8.55250235e-02 -6.32813312e+00  3.98981302e-02
   3.84821353e-02 -9.18663527e-01 -6.01876916e-05 -1.25158557e-07
   3.48409638e-08  4.16149250e-11 -6.73242018e-12]
 [ 4.11620141e-01  8.55250235e-02 -6.32813312e+00  3.98981302e-02
   3.84821353e-02 -4.33351174e-01 -6.01876916e-05 -1.25158557e-07
   3.48409638e-08  4.16149250e-11 -6.73242018e-12]] [2.64480518e-07 2.64480518e-07 2.64480518e-07 4.20654501e-08
 2.64480518e-07 2.62918845e-07 1.38544054e-33 2.64480518e-07
 2.51243893e-17 1.12887067e-16]
736027.0911166207 1522484.8665073677
736027.0911166207 1522484.8665073677
736027.0911166207 1522484.8665073677
3721137.724986649 10025670.302598651
736027.0911166207 1522484.8665073677
769614.6101365694 1516920.2061409238
1.9157613594553082e+32 2.6510796894276844e+32
736027.0911166207 1522484.8665073677
1.06389383527969e+16 1.45815120970899e+16
2367856349666833.5 3245277179860060.5
