[0.16556172 0.01135352 0.16929826 0.07888119 0.16555985 0.04823796
 0.01577827 0.16063222 0.04795116 0.13674586] [[-1.00000000e+01  1.00000000e+01 -5.81874693e+00  6.11143202e-02
   3.80065503e-02  8.08082197e-05 -6.01120733e-05 -1.25744629e-07
   3.48560904e-08  3.90215005e-11 -6.73079791e-12]
 [-1.00000000e+01  1.00000000e+01 -5.81874693e+00  6.11143202e-02
   3.69039138e-02  8.08082197e-05 -6.01120733e-05 -1.25744629e-07
   3.48441810e-08  3.88648777e-11 -6.73079791e-12]
 [-1.00000000e+01  1.00000000e+01 -5.81874693e+00  6.11143202e-02
   3.80065503e-02  8.08082197e-05 -6.01120733e-05 -1.25744629e-07
   3.48563110e-08  3.88648777e-11 -6.73079791e-12]
 [-1.00000000e+01  1.00000000e+01 -5.81874693e+00  6.11143202e-02
   3.80065503e-02  8.08082197e-05 -5.99618313e-05 -1.25744629e-07
   3.48560904e-08  3.90215005e-11 -6.73079791e-12]
 [-1.00000000e+01  1.00000000e+01 -5.81874693e+00  6.11143202e-02
   3.80065503e-02  8.08082197e-05 -6.01120733e-05 -1.25744629e-07
   3.48560904e-08  3.90215005e-11 -6.73068889e-12]
 [-1.00000000e+01  1.00000000e+01 -5.81874693e+00  6.11143202e-02
   3.80065503e-02  6.94060884e-05 -6.01120733e-05 -1.25744629e-07
   3.48560904e-08  3.90215005e-11 -6.73079791e-12]
 [-1.00000000e+01  1.00000000e+01 -5.81874693e+00  1.03035814e-01
   3.80065503e-02  8.08082197e-05 -6.01120733e-05 -1.25744629e-07
   3.48560904e-08  3.90215005e-11 -6.73079791e-12]
 [-1.00000000e+01  1.00000000e+01 -5.81874693e+00  5.72665561e-02
   3.80065503e-02  8.08082197e-05 -6.01120733e-05 -1.25744629e-07
   3.48560904e-08  3.90215005e-11 -6.73079791e-12]
 [-1.00000000e+01  1.00000000e+01 -5.81874693e+00  6.11143202e-02
   3.80065503e-02  9.06860388e-05 -6.01120733e-05 -1.25744629e-07
   3.48560904e-08  3.90215005e-11 -6.73079791e-12]
 [-1.00000000e+01  1.00000000e+01 -5.81874693e+00  6.11143202e-02
   3.80065503e-02  7.68098767e-05 -6.01120733e-05 -1.25744629e-07
   3.48560904e-08  3.90215005e-11 -6.73079791e-12]] [4.60037627e-07 3.15474237e-08 4.70420163e-07 2.19183014e-07
 4.60032438e-07 1.34036274e-07 4.38422390e-08 4.46340300e-07
 1.33239351e-07 3.79968532e-07]
847874.9652097507 662930.1363767827
6230263.696761449 12734022.89186566
941583.6232408639 592087.799496006
2235105.647280667 1163645.850872679
850421.7495903233 661669.0025262785
3773300.6210665875 1843683.178898201
4069785.2762429835 9369634.39883059
1083198.388762038 578622.3050609881
962872.8583721662 3271208.6751441252
1500611.324663195 565592.782832843