[2.49538988e-01 3.41243819e-11 7.93782184e-08 2.48754653e-01
 2.40615320e-11 3.34200317e-03 2.37413918e-11 2.49162217e-01
 2.49202059e-01 2.48290898e-21] [[-3.47793931e-02  7.20756066e-02 -6.34088629e+00  3.91921923e-02
   3.84821353e-02  8.13236610e-05 -6.01876916e-05 -1.25158557e-07
   3.48409638e-08  4.16149250e-11 -6.73242018e-12]
 [-3.47793931e-02  7.20756066e-02 -6.34806624e+00  3.91921923e-02
   3.84821353e-02  8.13236610e-05 -1.67373980e-02 -1.25158557e-07
   3.48409638e-08  4.16149250e-11 -6.73242018e-12]
 [-3.47793931e-02  7.20756066e-02 -6.34806624e+00  3.91921923e-02
   3.84821353e-02 -1.57965183e-02 -6.01876916e-05 -1.25158557e-07
   3.48409638e-08  4.16149250e-11 -6.73242018e-12]
 [-3.47793931e-02  7.20756066e-02 -6.35656001e+00  3.91921923e-02
   3.84821353e-02  8.13236610e-05 -6.01876916e-05 -1.25158557e-07
   3.48409638e-08  4.16149250e-11 -6.73242018e-12]
 [-3.47793931e-02  7.20756066e-02 -6.34806624e+00  3.91921923e-02
   3.84821353e-02  8.13236610e-05 -1.99208762e-02 -1.25158557e-07
   3.48409638e-08  4.16149250e-11 -6.73242018e-12]
 [-3.47793931e-02  7.20756066e-02 -6.34806624e+00  3.91921923e-02
   4.20488785e-02  8.13236610e-05 -6.01876916e-05 -1.25158557e-07
   3.48409638e-08  4.16149250e-11 -6.73242018e-12]
 [-3.47793931e-02  7.20756066e-02 -6.34806624e+00  3.91921923e-02
   3.84821353e-02  8.13236610e-05 -6.01876916e-05 -4.33395869e-04
   3.48409638e-08  4.16149250e-11 -6.73242018e-12]
 [-3.47793931e-02  5.16274614e-02 -6.34806624e+00  3.91921923e-02
   3.84821353e-02  8.13236610e-05 -6.01876916e-05 -1.25158557e-07
   3.48409638e-08  4.16149250e-11 -6.73242018e-12]
 [-3.58202015e-02  7.20756066e-02 -6.34806624e+00  3.91921923e-02
   3.84821353e-02  8.13236610e-05 -6.01876916e-05 -1.25158557e-07
   3.48409638e-08  4.16149250e-11 -6.73242018e-12]
 [-3.47793931e-02  7.20756066e-02 -6.34806624e+00  3.91921923e-02
   3.84821353e-02  8.13236610e-05 -6.01876916e-05 -1.25158557e-07
   3.48409638e-08  1.96695985e-02 -6.73242018e-12]] [2.64489057e-07 3.61687994e-17 8.41338274e-14 2.63657733e-07
 2.55030766e-17 3.54222510e-09 2.51637565e-17 2.64089713e-07
 2.64131943e-07 2.63166193e-27]
[2.60097393e-01 2.49371225e-23 3.58921564e-11 2.60129084e-01
 3.15810876e-24 1.64570739e-04 2.18960764e-01 3.04264193e-04
 2.60126783e-01 2.17141897e-04] [[-3.47793931e-02  5.69034729e-02 -6.34088629e+00  3.91921923e-02
   3.84821353e-02  8.13236610e-05 -6.01876916e-05 -1.25158557e-07
   3.48409638e-08  4.16149250e-11 -6.73242018e-12]
 [-3.47793931e-02  7.20756066e-02 -6.34088629e+00  3.91921923e-02
   3.84821353e-02  8.13236610e-05 -6.01876916e-05 -1.25158557e-07
   3.48409638e-08  4.16149250e-11 -4.29864154e-03]
 [-3.47793931e-02  7.20756066e-02 -6.34088629e+00  3.91921923e-02
   3.84821353e-02  8.13236610e-05 -1.66629423e-02 -1.25158557e-07
   3.48409638e-08  4.16149250e-11 -6.73242018e-12]
 [-5.85437389e-02  7.20756066e-02 -6.34088629e+00  3.91921923e-02
   3.84821353e-02  8.13236610e-05 -6.01876916e-05 -1.25158557e-07
   3.48409638e-08  4.16149250e-11 -6.73242018e-12]
 [-3.47793931e-02  7.20756066e-02 -6.34088629e+00  3.91921923e-02
   3.84821353e-02  8.13236610e-05 -6.01876916e-05 -1.25158557e-07
   3.48409638e-08  4.16149250e-11  1.20792747e-02]
 [-3.47793931e-02  7.20756066e-02 -6.34088629e+00  3.91921923e-02
   5.47703784e-02  8.13236610e-05 -6.01876916e-05 -1.25158557e-07
   3.48409638e-08  4.16149250e-11 -6.73242018e-12]
 [-3.47793931e-02  7.20756066e-02 -6.34088629e+00  3.02880345e-02
   3.84821353e-02  8.13236610e-05 -6.01876916e-05 -1.25158557e-07
   3.48409638e-08  4.16149250e-11 -6.73242018e-12]
 [-3.47793931e-02  7.20756066e-02 -6.34088629e+00  3.91921923e-02
   2.66063085e-02  8.13236610e-05 -6.01876916e-05 -1.25158557e-07
   3.48409638e-08  4.16149250e-11 -6.73242018e-12]
 [-1.94200268e-02  7.20756066e-02 -6.34088629e+00  3.91921923e-02
   3.84821353e-02  8.13236610e-05 -6.01876916e-05 -1.25158557e-07
   3.48409638e-08  4.16149250e-11 -6.73242018e-12]
 [-3.47793931e-02  7.20756066e-02 -6.34088629e+00  3.91921923e-02
   5.26682865e-02  8.13236610e-05 -6.01876916e-05 -1.25158557e-07
   3.48409638e-08  4.16149250e-11 -6.73242018e-12]] [2.64458256e-07 2.53552250e-29 3.64939340e-17 2.64490479e-07
 3.21105847e-30 1.67329976e-10 2.22631919e-07 3.09365568e-10
 2.64488138e-07 2.20782556e-10]
[1.80456405e-01 3.47176218e-24 1.80457016e-01 1.80317132e-01
 1.80296975e-01 9.80055110e-02 4.88221192e-10 1.53042203e-13
 1.80466960e-01 2.64713775e-21] [[-1.88175799e-02  7.20756066e-02 -6.34088629e+00  3.91921923e-02
   3.84821353e-02  8.13236610e-05 -6.01876916e-05 -1.25158557e-07
   3.48409638e-08  4.16149250e-11 -6.73242018e-12]
 [-1.94200268e-02  7.20756066e-02 -6.34088629e+00  3.91921923e-02
   3.84821353e-02  8.13236610e-05 -6.01876916e-05 -1.25158557e-07
   3.48409638e-08  4.16149250e-11  9.59562045e-03]
 [-3.37658810e-02  7.20756066e-02 -6.34088629e+00  3.91921923e-02
   3.84821353e-02  8.13236610e-05 -6.01876916e-05 -1.25158557e-07
   3.48409638e-08  4.16149250e-11 -6.73242018e-12]
 [-5.85437389e-02  7.20756066e-02 -6.34513400e+00  3.91921923e-02
   3.84821353e-02  8.13236610e-05 -6.01876916e-05 -1.25158557e-07
   3.48409638e-08  4.16149250e-11 -6.73242018e-12]
 [-1.94200268e-02  7.20756066e-02 -6.34567469e+00  3.91921923e-02
   3.84821353e-02  8.13236610e-05 -6.01876916e-05 -1.25158557e-07
   3.48409638e-08  4.16149250e-11 -6.73242018e-12]
 [-5.85437389e-02  7.20756066e-02 -6.34088629e+00  2.14005638e-02
   3.84821353e-02  8.13236610e-05 -6.01876916e-05 -1.25158557e-07
   3.48409638e-08  4.16149250e-11 -6.73242018e-12]
 [-1.94200268e-02  7.20756066e-02 -6.34088629e+00  3.91921923e-02
   3.84821353e-02  8.13236610e-05  3.68928040e-03 -1.25158557e-07
   3.48409638e-08  4.16149250e-11 -6.73242018e-12]
 [-1.94200268e-02  7.20756066e-02 -6.34088629e+00  3.91921923e-02
   3.84821353e-02  8.13236610e-05 -6.01876916e-05  4.58893307e-03
   3.48409638e-08  4.16149250e-11 -6.73242018e-12]
 [-5.85437389e-02  7.20756066e-02 -6.34060679e+00  3.91921923e-02
   3.84821353e-02  8.13236610e-05 -6.01876916e-05 -1.25158557e-07
   3.48409638e-08  4.16149250e-11 -6.73242018e-12]
 [-5.85437389e-02  7.20756066e-02 -6.34088629e+00  3.91921923e-02
   3.84821353e-02  8.13236610e-05 -6.01876916e-05 -1.25158557e-07
   3.48409638e-08 -1.61996396e-02 -6.73242018e-12]] [2.64488102e-07 5.08843003e-30 2.64488997e-07 2.64283975e-07
 2.64254431e-07 1.43642957e-07 7.15567265e-16 2.24308147e-19
 2.64503573e-07 3.87980930e-27]
[2.44262154e-21 2.51275276e-01 2.51852579e-01 7.50207227e-18
 1.63000653e-21 3.77396878e-14 2.51935331e-01 2.44745106e-01
 4.82565654e-08 1.91659082e-04] [[-3.37658810e-02  7.20756066e-02 -6.34060679e+00  3.91921923e-02
   3.84821353e-02  8.13236610e-05 -6.01876916e-05 -1.25158557e-07
   3.48409638e-08 -1.99013656e-02 -6.73242018e-12]
 [-3.37658810e-02  4.80269106e-02 -6.34060679e+00  3.91921923e-02
   3.84821353e-02  8.13236610e-05 -6.01876916e-05 -1.25158557e-07
   3.48409638e-08  4.16149250e-11 -6.73242018e-12]
 [-5.85437389e-02  7.20756066e-02 -6.32716382e+00  3.91921923e-02
   3.84821353e-02  8.13236610e-05 -6.01876916e-05 -1.25158557e-07
   3.48409638e-08  4.16149250e-11 -6.73242018e-12]
 [-5.85437389e-02  7.20756066e-02 -6.34060679e+00  3.91921923e-02
   3.84821353e-02  8.13236610e-05 -6.01876916e-05 -1.25158557e-07
   3.48409638e-08 -3.59104046e-04 -6.73242018e-12]
 [-5.85437389e-02  7.20756066e-02 -6.34060679e+00  3.91921923e-02
   3.84821353e-02  8.13236610e-05 -6.01876916e-05 -1.25158557e-07
   3.48409638e-08  2.43621884e-02 -6.73242018e-12]
 [-5.85437389e-02  7.20756066e-02 -6.34060679e+00  3.91921923e-02
   3.84821353e-02  8.13236610e-05 -6.01876916e-05 -1.09056730e-02
   3.48409638e-08  4.16149250e-11 -6.73242018e-12]
 [-5.85437389e-02  7.20756066e-02 -6.32468711e+00  3.91921923e-02
   3.84821353e-02  8.13236610e-05 -6.01876916e-05 -1.25158557e-07
   3.48409638e-08  4.16149250e-11 -6.73242018e-12]
 [-5.85437389e-02  7.20756066e-02 -6.34060679e+00  3.51801030e-02
   3.84821353e-02  8.13236610e-05 -6.01876916e-05 -1.25158557e-07
   3.48409638e-08  4.16149250e-11 -6.73242018e-12]
 [-5.85437389e-02  7.20756066e-02 -6.34060679e+00  3.91921923e-02
   3.84821353e-02  2.05145244e-02 -6.01876916e-05 -1.25158557e-07
   3.48409638e-08  4.16149250e-11 -6.73242018e-12]
 [-5.85437389e-02  7.20756066e-02 -6.34060679e+00  3.91921923e-02
   2.37579046e-02  8.13236610e-05 -6.01876916e-05 -1.25158557e-07
   3.48409638e-08  4.16149250e-11 -6.73242018e-12]] [2.57072328e-27 2.64453249e-07 2.65060828e-07 7.89551369e-24
 1.71549119e-27 3.97189218e-20 2.65147920e-07 2.57580608e-07
 5.07873504e-14 2.01710521e-10]
[4.18332728e-01 1.57219423e-08 1.21099215e-14 4.21489109e-01
 1.59942097e-01 2.60957655e-24 2.36049206e-04 6.08424663e-24
 4.87169040e-10 2.37052917e-17] [[-5.85437389e-02  7.20756066e-02 -6.32716382e+00  4.00652689e-02
   3.84821353e-02  8.13236610e-05 -6.01876916e-05 -1.25158557e-07
   3.48409638e-08  4.16149250e-11 -6.73242018e-12]
 [-5.85437389e-02  7.20756066e-02 -6.32468711e+00  3.91921923e-02
   3.84821353e-02  8.13236610e-05  9.48354994e-04 -1.25158557e-07
   3.48409638e-08  4.16149250e-11 -6.73242018e-12]
 [-5.85437389e-02  7.20756066e-02 -6.32716382e+00  3.91921923e-02
   3.84821353e-02  8.13236610e-05 -6.01876916e-05 -2.49013008e-02
   3.48409638e-08  4.16149250e-11 -6.73242018e-12]
 [-5.85437389e-02  7.50412828e-02 -6.32468711e+00  3.91921923e-02
   3.84821353e-02  8.13236610e-05 -6.01876916e-05 -1.25158557e-07
   3.48409638e-08  4.16149250e-11 -6.73242018e-12]
 [-5.85437389e-02  7.20756066e-02 -6.32468711e+00  3.91921923e-02
   3.90558169e-02  8.13236610e-05 -6.01876916e-05 -1.25158557e-07
   3.48409638e-08  4.16149250e-11 -6.73242018e-12]
 [-5.85437389e-02  7.20756066e-02 -6.32716382e+00  3.91921923e-02
   3.84821353e-02  8.13236610e-05 -6.01876916e-05 -1.25158557e-07
   3.48409638e-08  4.16149250e-11  1.68936801e-02]
 [-5.85437389e-02  7.20756066e-02 -6.32716382e+00  3.91921923e-02
   5.57628080e-02  8.13236610e-05 -6.01876916e-05 -1.25158557e-07
   3.48409638e-08  4.16149250e-11 -6.73242018e-12]
 [-5.85437389e-02  7.20756066e-02 -6.32716382e+00  3.91921923e-02
   3.84821353e-02  8.13236610e-05 -6.01876916e-05 -1.25158557e-07
   3.48409638e-08  4.16149250e-11  1.10638399e-02]
 [-5.85437389e-02  7.20756066e-02 -6.32716382e+00  3.91921923e-02
   3.84821353e-02  8.13236610e-05  5.66906395e-03 -1.25158557e-07
   3.48409638e-08  4.16149250e-11 -6.73242018e-12]
 [-5.85437389e-02  7.20756066e-02 -6.32716382e+00  3.91921923e-02
   3.84821353e-02  8.13236610e-05 -6.01876916e-05 -1.25158557e-07
  -1.21470161e-02  4.16149250e-11 -6.73242018e-12]] [2.63168072e-07 9.89048423e-15 7.61820549e-21 2.65153713e-07
 1.00617644e-07 1.64165312e-30 1.48495708e-10 3.82752615e-30
 3.06472166e-16 1.49127130e-23]
[2.95743098e-17 2.91716384e-19 4.04240469e-17 1.39997621e-13
 9.99998739e-01 9.48679821e-07 3.12129739e-07 5.67533122e-10
 4.19818156e-16 5.45445414e-14] [[-5.85437389e-02  7.20756066e-02 -6.32716382e+00  3.91921923e-02
   3.84821353e-02  8.13236610e-05 -6.01876916e-05 -1.25158557e-07
   2.29857979e-02  4.16149250e-11 -6.73242018e-12]
 [-5.85437389e-02  7.50412828e-02 -6.32468711e+00  3.91921923e-02
   3.84821353e-02  8.13236610e-05 -6.01876916e-05 -1.25158557e-07
   3.48409638e-08  4.97848481e-03 -6.73242018e-12]
 [-5.85437389e-02  7.50412828e-02 -6.32468711e+00  3.91921923e-02
   3.84821353e-02  8.13236610e-05 -6.01876916e-05 -1.25158557e-07
   1.96606155e-02  4.16149250e-11 -6.73242018e-12]
 [-5.85437389e-02  7.50412828e-02 -6.32468711e+00  4.00652689e-02
   3.84821353e-02  8.13236610e-05 -6.01876916e-05  1.54792301e-02
   3.48409638e-08  4.16149250e-11 -6.73242018e-12]
 [-5.85437389e-02  7.20756066e-02 -6.32716382e+00  5.55501656e-02
   3.84821353e-02  8.13236610e-05 -6.01876916e-05 -1.25158557e-07
   3.48409638e-08  4.16149250e-11 -6.73242018e-12]
 [-5.85437389e-02  7.20756066e-02 -6.32716382e+00  3.91921923e-02
   3.84821353e-02  1.26793568e-02 -6.01876916e-05 -1.25158557e-07
   3.48409638e-08  4.16149250e-11 -6.73242018e-12]
 [-5.85437389e-02  7.50412828e-02 -6.32468711e+00  4.00652689e-02
   3.84821353e-02  2.20450657e-02 -6.01876916e-05 -1.25158557e-07
   3.48409638e-08  4.16149250e-11 -6.73242018e-12]
 [-5.85437389e-02  7.50412828e-02 -6.32468711e+00  4.00652689e-02
   3.84821353e-02  8.13236610e-05  1.11590595e-02 -1.25158557e-07
   3.48409638e-08  4.16149250e-11 -6.73242018e-12]
 [-5.85437389e-02  7.50412828e-02 -6.32468711e+00  4.00652689e-02
   3.84821353e-02  8.13236610e-05 -6.01876916e-05 -1.25158557e-07
   6.10081852e-03  4.16149250e-11 -6.73242018e-12]
 [-5.85437389e-02  7.20756066e-02 -6.32716382e+00  3.91921923e-02
   3.84821353e-02  8.13236610e-05 -6.01876916e-05 -2.47993209e-02
   3.48409638e-08  4.16149250e-11 -6.73242018e-12]] [4.16466926e-24 4.10796487e-26 5.69253472e-24 1.97145357e-20
 1.40820328e-07 1.33593572e-13 4.39542676e-14 7.99203012e-17
 5.91190051e-23 7.68098989e-21]
[3.34296066e-08 4.52144993e-08 1.68614524e-24 1.80905476e-01
 1.48317939e-07 1.81506341e-01 8.11337337e-04 2.74966258e-01
 1.80895502e-01 1.80914858e-01] [[-5.85437389e-02  7.20756066e-02 -6.32716382e+00  3.91921923e-02
   3.84821353e-02  2.86275860e-02 -6.01876916e-05 -1.25158557e-07
   3.48409638e-08  4.16149250e-11 -6.73242018e-12]
 [-5.85437389e-02  7.20756066e-02 -6.32716382e+00  5.55501656e-02
   3.84821353e-02  2.46190043e-02 -6.01876916e-05 -1.25158557e-07
   3.48409638e-08  4.16149250e-11 -6.73242018e-12]
 [-5.85437389e-02  7.20756066e-02 -6.32716382e+00  5.55501656e-02
   3.84821353e-02  8.13236610e-05 -6.01876916e-05 -1.25158557e-07
   3.48409638e-08  4.16149250e-11  1.88934344e-02]
 [-5.46434992e-02  7.20756066e-02 -6.32716382e+00  5.55501656e-02
   3.84821353e-02  8.13236610e-05 -6.01876916e-05 -1.25158557e-07
   3.48409638e-08  4.16149250e-11 -6.73242018e-12]
 [-5.85437389e-02  7.20756066e-02 -6.32716382e+00  5.55501656e-02
   3.84821353e-02  1.36252093e-02 -6.01876916e-05 -1.25158557e-07
   3.48409638e-08  4.16149250e-11 -6.73242018e-12]
 [-5.85437389e-02  7.20756066e-02 -6.33975115e+00  5.55501656e-02
   3.84821353e-02  8.13236610e-05 -6.01876916e-05 -1.25158557e-07
   3.48409638e-08  4.16149250e-11 -6.73242018e-12]
 [-5.85437389e-02  7.20756066e-02 -6.32716382e+00  5.55501656e-02
   4.67697336e-02  8.13236610e-05 -6.01876916e-05 -1.25158557e-07
   3.48409638e-08  4.16149250e-11 -6.73242018e-12]
 [-5.85437389e-02  7.20756066e-02 -6.32716382e+00  4.72716304e-02
   3.84821353e-02  8.13236610e-05 -6.01876916e-05 -1.25158557e-07
   3.48409638e-08  4.16149250e-11 -6.73242018e-12]
 [-5.85437389e-02  7.45926520e-02 -6.32716382e+00  5.55501656e-02
   3.84821353e-02  8.13236610e-05 -6.01876916e-05 -1.25158557e-07
   3.48409638e-08  4.16149250e-11 -6.73242018e-12]
 [-5.85437389e-02  6.98100474e-02 -6.32716382e+00  5.55501656e-02
   3.84821353e-02  8.13236610e-05 -6.01876916e-05 -1.25158557e-07
   3.48409638e-08  4.16149250e-11 -6.73242018e-12]] [2.60222229e-14 3.51958010e-14 1.31252659e-30 1.40820163e-07
 1.15453422e-13 1.41287887e-07 6.31559961e-10 2.14038812e-07
 1.40812398e-07 1.40827466e-07]
[3.23663070e-11 1.33082908e-04 1.90148027e-01 1.90230536e-01
 2.27905743e-13 1.90456344e-01 2.35919812e-01 1.90470255e-01
 9.44306820e-23 2.64194334e-03] [[-5.85437389e-02  7.20756066e-02 -6.33975115e+00  5.55501656e-02
   3.84821353e-02  8.13236610e-05 -1.66768936e-02 -1.25158557e-07
   3.48409638e-08  4.16149250e-11 -6.73242018e-12]
 [-5.85437389e-02  7.20756066e-02 -6.32716382e+00  4.72716304e-02
   5.56359159e-02  8.13236610e-05 -6.01876916e-05 -1.25158557e-07
   3.48409638e-08  4.16149250e-11 -6.73242018e-12]
 [-5.49444550e-02  7.20756066e-02 -6.32716382e+00  4.72716304e-02
   3.84821353e-02  8.13236610e-05 -6.01876916e-05 -1.25158557e-07
   3.48409638e-08  4.16149250e-11 -6.73242018e-12]
 [-5.85437389e-02  7.20756066e-02 -6.33013452e+00  4.72716304e-02
   3.84821353e-02  8.13236610e-05 -6.01876916e-05 -1.25158557e-07
   3.48409638e-08  4.16149250e-11 -6.73242018e-12]
 [-5.85437389e-02  7.20756066e-02 -6.33975115e+00  5.55501656e-02
   3.84821353e-02  8.13236610e-05 -6.01876916e-05 -4.29122783e-03
   3.48409638e-08  4.16149250e-11 -6.73242018e-12]
 [-5.85437389e-02  7.70241138e-02 -6.33975115e+00  4.72716304e-02
   3.84821353e-02  8.13236610e-05 -6.01876916e-05 -1.25158557e-07
   3.48409638e-08  4.16149250e-11 -6.73242018e-12]
 [-5.85437389e-02  7.20756066e-02 -6.32716382e+00  3.77023733e-02
   3.84821353e-02  8.13236610e-05 -6.01876916e-05 -1.25158557e-07
   3.48409638e-08  4.16149250e-11 -6.73242018e-12]
 [-7.70541427e-02  7.20756066e-02 -6.33975115e+00  4.72716304e-02
   3.84821353e-02  8.13236610e-05 -6.01876916e-05 -1.25158557e-07
   3.48409638e-08  4.16149250e-11 -6.73242018e-12]
 [-5.85437389e-02  7.20756066e-02 -6.33975115e+00  4.72716304e-02
   3.84821353e-02  8.13236610e-05 -6.01876916e-05 -1.25158557e-07
   3.48409638e-08  4.16149250e-11 -2.09946339e-03]
 [-5.85437389e-02  7.20756066e-02 -6.33975115e+00  4.72716304e-02
   4.23134319e-02  8.13236610e-05 -6.01876916e-05 -1.25158557e-07
   3.48409638e-08  4.16149250e-11 -6.73242018e-12]] [3.64328665e-17 1.49803678e-10 2.14038559e-07 2.14131434e-07
 2.56540220e-19 2.14385613e-07 2.65561191e-07 2.14401271e-07
 1.06295118e-28 2.97388174e-09]
[1.67088076e-07 1.97451690e-01 2.21159260e-01 2.21120826e-01
 1.78612317e-01 1.81011523e-01 6.59300830e-15 6.44216947e-04
 1.48035070e-11 1.71300668e-16] [[-5.85437389e-02  7.20756066e-02 -6.32716382e+00  3.77023733e-02
   3.84821353e-02 -1.02004104e-02 -6.01876916e-05 -1.25158557e-07
   3.48409638e-08  4.16149250e-11 -6.73242018e-12]
 [-5.85437389e-02  7.20756066e-02 -6.33975115e+00  3.19873855e-02
   3.84821353e-02  8.13236610e-05 -6.01876916e-05 -1.25158557e-07
   3.48409638e-08  4.16149250e-11 -6.73242018e-12]
 [-4.38575778e-02  7.20756066e-02 -6.32716382e+00  3.77023733e-02
   3.84821353e-02  8.13236610e-05 -6.01876916e-05 -1.25158557e-07
   3.48409638e-08  4.16149250e-11 -6.73242018e-12]
 [-7.70541427e-02  5.69270856e-02 -6.32716382e+00  3.77023733e-02
   3.84821353e-02  8.13236610e-05 -6.01876916e-05 -1.25158557e-07
   3.48409638e-08  4.16149250e-11 -6.73242018e-12]
 [-5.85437389e-02  4.75494507e-02 -6.33975115e+00  4.72716304e-02
   3.84821353e-02  8.13236610e-05 -6.01876916e-05 -1.25158557e-07
   3.48409638e-08  4.16149250e-11 -6.73242018e-12]
 [-5.85437389e-02  7.20756066e-02 -6.33975115e+00  4.69480247e-02
   3.84821353e-02  8.13236610e-05 -6.01876916e-05 -1.25158557e-07
   3.48409638e-08  4.16149250e-11 -6.73242018e-12]
 [-5.85437389e-02  7.20756066e-02 -6.33975115e+00  3.77023733e-02
   3.84821353e-02  8.13236610e-05 -6.01876916e-05 -1.25158557e-07
   5.27238426e-04  4.16149250e-11 -6.73242018e-12]
 [-7.70541427e-02  7.20756066e-02 -6.32716382e+00  4.72716304e-02
   4.60203084e-02  8.13236610e-05 -6.01876916e-05 -1.25158557e-07
   3.48409638e-08  4.16149250e-11 -6.73242018e-12]
 [-5.85437389e-02  7.20756066e-02 -6.33975115e+00  3.77023733e-02
   3.84821353e-02  8.13236610e-05  2.37290539e-02 -1.25158557e-07
   3.48409638e-08  4.16149250e-11 -6.73242018e-12]
 [-7.70541427e-02  7.20756066e-02 -6.32716382e+00  4.72716304e-02
   3.84821353e-02  8.13236610e-05 -6.01876916e-05 -1.25158557e-07
  -3.27066450e-03  4.16149250e-11 -6.73242018e-12]] [2.00633532e-13 2.37093101e-07 2.65560324e-07 2.65514174e-07
 2.14471439e-07 2.17352322e-07 7.91665435e-21 7.73553235e-10
 1.77755347e-17 2.05691866e-22]
[2.11688047e-23 2.09124808e-20 2.21869347e-04 7.56600218e-08
 3.33305577e-01 3.33240614e-01 2.89572370e-13 5.12666198e-22
 3.09948414e-16 3.33231864e-01] [[-7.70541427e-02  5.69270856e-02 -6.32716382e+00  3.77023733e-02
   3.84821353e-02  8.13236610e-05 -6.01876916e-05 -1.25158557e-07
   3.48409638e-08  4.16149250e-11 -5.27004791e-03]
 [-7.70541427e-02  5.69270856e-02 -6.32716382e+00  3.77023733e-02
   3.84821353e-02  8.13236610e-05 -6.01876916e-05 -1.25158557e-07
   3.48409638e-08 -7.81637756e-03 -6.73242018e-12]
 [-4.38575778e-02  7.20756066e-02 -6.32716382e+00  3.77023733e-02
   5.43316399e-02  8.13236610e-05 -6.01876916e-05 -1.25158557e-07
   3.48409638e-08  4.16149250e-11 -6.73242018e-12]
 [-7.70541427e-02  5.69270856e-02 -6.32716382e+00  3.77023733e-02
   3.84821353e-02  1.88352398e-02 -6.01876916e-05 -1.25158557e-07
   3.48409638e-08  4.16149250e-11 -6.73242018e-12]
 [-4.38575778e-02  8.82548217e-02 -6.32716382e+00  3.77023733e-02
   3.84821353e-02  8.13236610e-05 -6.01876916e-05 -1.25158557e-07
   3.48409638e-08  4.16149250e-11 -6.73242018e-12]
 [-3.56234970e-02  7.20756066e-02 -6.32716382e+00  3.77023733e-02
   3.84821353e-02  8.13236610e-05 -6.01876916e-05 -1.25158557e-07
   3.48409638e-08  4.16149250e-11 -6.73242018e-12]
 [-4.38575778e-02  7.20756066e-02 -6.32716382e+00  3.77023733e-02
   3.84821353e-02  8.13236610e-05 -6.01876916e-05 -4.52457146e-03
   3.48409638e-08  4.16149250e-11 -6.73242018e-12]
 [-7.70541427e-02  5.69270856e-02 -6.32716382e+00  3.77023733e-02
   3.84821353e-02  8.13236610e-05 -6.01876916e-05 -1.25158557e-07
   3.48409638e-08  4.16149250e-11 -1.07089130e-03]
 [-7.70541427e-02  5.69270856e-02 -6.32716382e+00  3.77023733e-02
   3.84821353e-02  8.13236610e-05 -6.01876916e-05 -1.25158557e-07
   2.98474554e-03  4.16149250e-11 -6.73242018e-12]
 [-4.38575778e-02  6.97249878e-02 -6.32716382e+00  3.77023733e-02
   3.84821353e-02  8.13236610e-05 -6.01876916e-05 -1.25158557e-07
   3.48409638e-08  4.16149250e-11 -6.73242018e-12]] [1.68694454e-29 1.66651806e-26 1.76807944e-10 6.02935603e-14
 2.65611606e-07 2.65559837e-07 2.30760562e-19 4.08544296e-28
 2.46998256e-22 2.65552864e-07]
[2.30148098e-24 3.10154727e-11 2.49700531e-01 7.04029769e-20
 2.49886647e-01 2.49699468e-01 2.50568397e-01 1.17267402e-14
 2.52583939e-24 1.44957703e-04] [[-4.38575778e-02  8.82548217e-02 -6.32716382e+00  3.77023733e-02
   3.84821353e-02  8.13236610e-05 -6.01876916e-05 -1.25158557e-07
   3.48409638e-08  4.16149250e-11 -1.38353354e-02]
 [-3.56234970e-02  7.20756066e-02 -6.32716382e+00  3.77023733e-02
   3.84821353e-02  8.13236610e-05  1.74033132e-02 -1.25158557e-07
   3.48409638e-08  4.16149250e-11 -6.73242018e-12]
 [-3.79712266e-02  7.20756066e-02 -6.32716382e+00  3.77023733e-02
   3.84821353e-02  8.13236610e-05 -6.01876916e-05 -1.25158557e-07
   3.48409638e-08  4.16149250e-11 -6.73242018e-12]
 [-3.56234970e-02  7.20756066e-02 -6.32716382e+00  3.77023733e-02
   3.84821353e-02  8.13236610e-05 -6.01876916e-05 -1.25158557e-07
   3.48409638e-08 -3.68759697e-03 -6.73242018e-12]
 [-3.56234970e-02  7.20756066e-02 -6.32324052e+00  3.77023733e-02
   3.84821353e-02  8.13236610e-05 -6.01876916e-05 -1.25158557e-07
   3.48409638e-08  4.16149250e-11 -6.73242018e-12]
 [-1.88327690e-02  7.20756066e-02 -6.32716382e+00  3.77023733e-02
   3.84821353e-02  8.13236610e-05 -6.01876916e-05 -1.25158557e-07
   3.48409638e-08  4.16149250e-11 -6.73242018e-12]
 [-3.56234970e-02  7.20756066e-02 -6.30602335e+00  3.77023733e-02
   3.84821353e-02  8.13236610e-05 -6.01876916e-05 -1.25158557e-07
   3.48409638e-08  4.16149250e-11 -6.73242018e-12]
 [-3.56234970e-02  7.20756066e-02 -6.32716382e+00  3.77023733e-02
   3.84821353e-02  8.13236610e-05 -6.01876916e-05 -1.94620576e-02
   3.48409638e-08  4.16149250e-11 -6.73242018e-12]
 [-3.56234970e-02  7.20756066e-02 -6.32716382e+00  3.77023733e-02
   3.84821353e-02  8.13236610e-05 -6.01876916e-05 -1.25158557e-07
   3.48409638e-08  4.16149250e-11 -1.32065847e-02]
 [-3.56234970e-02  7.20756066e-02 -6.32716382e+00  3.77023733e-02
   2.16325620e-02  8.13236610e-05 -6.01876916e-05 -1.25158557e-07
   3.48409638e-08  4.16149250e-11 -6.73242018e-12]] [2.44765693e-30 3.29853852e-17 2.65559976e-07 7.48745420e-26
 2.65757913e-07 2.65558846e-07 2.66482964e-07 1.24715508e-20
 2.68626521e-30 1.54164526e-10]
[6.82142987e-14 3.88064783e-14 2.25166675e-24 1.66263569e-11
 1.63282909e-17 4.56835705e-01 1.75520751e-24 1.49270818e-09
 5.41959542e-01 1.20475126e-03] [[-3.56234970e-02  7.20756066e-02 -6.30602335e+00  3.77023733e-02
   3.84821353e-02  8.13236610e-05 -6.01876916e-05 -1.18837290e-02
   3.48409638e-08  4.16149250e-11 -6.73242018e-12]
 [-3.56234970e-02  7.20756066e-02 -6.30602335e+00  3.77023733e-02
   3.84821353e-02  8.13236610e-05 -6.01876916e-05  1.57554303e-02
   3.48409638e-08  4.16149250e-11 -6.73242018e-12]
 [-3.56234970e-02  7.20756066e-02 -6.32324052e+00  3.77023733e-02
   3.84821353e-02  8.13236610e-05 -6.01876916e-05 -1.25158557e-07
   3.48409638e-08  4.16149250e-11  2.05993057e-02]
 [-3.56234970e-02  7.20756066e-02 -6.30602335e+00  3.77023733e-02
   3.84821353e-02  8.13236610e-05 -6.01876916e-05  7.61054119e-04
   3.48409638e-08  4.16149250e-11 -6.73242018e-12]
 [-3.56234970e-02  7.20756066e-02 -6.32324052e+00  3.77023733e-02
   3.84821353e-02  8.13236610e-05 -6.01876916e-05 -1.25158557e-07
   1.65775141e-02  4.16149250e-11 -6.73242018e-12]
 [-3.56234970e-02  7.20756066e-02 -6.32324052e+00  4.61581355e-02
   3.84821353e-02  8.13236610e-05 -6.01876916e-05 -1.25158557e-07
   3.48409638e-08  4.16149250e-11 -6.73242018e-12]
 [-3.56234970e-02  7.20756066e-02 -6.32324052e+00  3.77023733e-02
   3.84821353e-02  8.13236610e-05 -6.01876916e-05 -1.25158557e-07
   3.48409638e-08  4.16149250e-11 -2.33313789e-02]
 [-3.56234970e-02  7.20756066e-02 -6.32324052e+00  3.77023733e-02
   3.84821353e-02  8.13236610e-05  3.64702186e-03 -1.25158557e-07
   3.48409638e-08  4.16149250e-11 -6.73242018e-12]
 [-4.87771932e-02  7.20756066e-02 -6.32324052e+00  3.77023733e-02
   3.84821353e-02  8.13236610e-05 -6.01876916e-05 -1.25158557e-07
   3.48409638e-08  4.16149250e-11 -6.73242018e-12]
 [-3.56234970e-02  7.20756066e-02 -6.32324052e+00  3.77023733e-02
   2.99092302e-02  8.13236610e-05 -6.01876916e-05 -1.25158557e-07
   3.48409638e-08  4.16149250e-11 -6.73242018e-12]] [3.34499958e-20 1.90293906e-20 1.10414158e-30 8.15300571e-18
 8.00684422e-24 2.24016851e-07 8.60694678e-31 7.31973841e-16
 2.65758715e-07 5.90769463e-10]
[2.30166145e-01 4.76344576e-01 1.43168956e-14 1.78522765e-14
 5.32911802e-23 5.36563252e-03 2.88123647e-01 2.79857742e-10
 1.05707268e-19 3.18490335e-21] [[-4.87771932e-02  7.20756066e-02 -6.32324052e+00  5.80076298e-02
   3.84821353e-02  8.13236610e-05 -6.01876916e-05 -1.25158557e-07
   3.48409638e-08  4.16149250e-11 -6.73242018e-12]
 [-4.87771932e-02  7.20756066e-02 -6.32324052e+00  4.20688095e-02
   3.84821353e-02  8.13236610e-05 -6.01876916e-05 -1.25158557e-07
   3.48409638e-08  4.16149250e-11 -6.73242018e-12]
 [-3.56234970e-02  7.20756066e-02 -6.32324052e+00  4.61581355e-02
   3.84821353e-02  8.13236610e-05 -6.01876916e-05 -2.48406603e-02
   3.48409638e-08  4.16149250e-11 -6.73242018e-12]
 [-4.87771932e-02  7.20756066e-02 -6.32324052e+00  4.61581355e-02
   3.84821353e-02  8.13236610e-05 -6.01876916e-05 -2.22454412e-02
   3.48409638e-08  4.16149250e-11 -6.73242018e-12]
 [-3.56234970e-02  7.20756066e-02 -6.32324052e+00  4.61581355e-02
   3.84821353e-02  8.13236610e-05 -6.01876916e-05 -1.25158557e-07
   3.48409638e-08  4.16149250e-11  4.05486548e-03]
 [-4.87771932e-02  7.20756066e-02 -6.32324052e+00  4.61581355e-02
   4.23835635e-02  8.13236610e-05 -6.01876916e-05 -1.25158557e-07
   3.48409638e-08  4.16149250e-11 -6.73242018e-12]
 [-4.87771932e-02  7.20756066e-02 -6.32324052e+00  5.38679676e-02
   3.84821353e-02  8.13236610e-05 -6.01876916e-05 -1.25158557e-07
   3.48409638e-08  4.16149250e-11 -6.73242018e-12]
 [-4.87771932e-02  7.20756066e-02 -6.32324052e+00  4.61581355e-02
   3.84821353e-02  8.13236610e-05 -8.25919589e-03 -1.25158557e-07
   3.48409638e-08  4.16149250e-11 -6.73242018e-12]
 [-4.87771932e-02  7.20756066e-02 -6.32324052e+00  4.61581355e-02
   3.84821353e-02  8.13236610e-05 -6.01876916e-05 -1.25158557e-07
   3.48409638e-08  4.24421406e-03 -6.73242018e-12]
 [-4.87771932e-02  7.20756066e-02 -6.32324052e+00  4.61581355e-02
   3.84821353e-02  8.13236610e-05 -6.01876916e-05 -1.25158557e-07
   3.48409638e-08 -2.44512784e-02 -6.73242018e-12]] [1.23073097e-07 2.54708191e-07 7.65544683e-21 9.54586506e-21
 2.84955488e-29 2.86907970e-09 1.54063795e-07 1.49643898e-16
 5.65231733e-26 1.70301293e-27]
[1.53187959e-11 2.00038156e-01 2.62035054e-13 1.83041794e-15
 2.00031235e-01 2.00037200e-01 4.51324565e-13 2.00038658e-01
 2.85388319e-24 1.99854751e-01] [[-4.87771932e-02  7.20756066e-02 -6.32324052e+00  4.20688095e-02
   3.84821353e-02  8.13236610e-05 -2.27699613e-02 -1.25158557e-07
   3.48409638e-08  4.16149250e-11 -6.73242018e-12]
 [-6.06183544e-02  7.20756066e-02 -6.32324052e+00  4.20688095e-02
   3.84821353e-02  8.13236610e-05 -6.01876916e-05 -1.25158557e-07
   3.48409638e-08  4.16149250e-11 -6.73242018e-12]
 [-4.87771932e-02  7.20756066e-02 -6.32324052e+00  4.20688095e-02
   3.84821353e-02  8.13236610e-05 -6.01876916e-05 -3.76283606e-03
   3.48409638e-08  4.16149250e-11 -6.73242018e-12]
 [-4.87771932e-02  7.20756066e-02 -6.32324052e+00  4.20688095e-02
   3.84821353e-02  8.13236610e-05 -6.01876916e-05 -1.25158557e-07
   9.71681245e-04  4.16149250e-11 -6.73242018e-12]
 [-4.87771932e-02  7.20756066e-02 -6.31419573e+00  4.20688095e-02
   3.84821353e-02  8.13236610e-05 -6.01876916e-05 -1.25158557e-07
   3.48409638e-08  4.16149250e-11 -6.73242018e-12]
 [-4.47392133e-02  7.20756066e-02 -6.32324052e+00  4.20688095e-02
   3.84821353e-02  8.13236610e-05 -6.01876916e-05 -1.25158557e-07
   3.48409638e-08  4.16149250e-11 -6.73242018e-12]
 [-4.87771932e-02  7.20756066e-02 -6.32324052e+00  4.20688095e-02
   3.84821353e-02  8.13236610e-05 -6.01876916e-05 -2.86718078e-03
   3.48409638e-08  4.16149250e-11 -6.73242018e-12]
 [-6.89693137e-02  7.20756066e-02 -6.32324052e+00  4.20688095e-02
   3.84821353e-02  8.13236610e-05 -6.01876916e-05 -1.25158557e-07
   3.48409638e-08  4.16149250e-11 -6.73242018e-12]
 [-4.87771932e-02  7.20756066e-02 -6.32324052e+00  4.20688095e-02
   3.84821353e-02  8.13236610e-05 -6.01876916e-05 -1.25158557e-07
   3.48409638e-08  4.16149250e-11  1.13548411e-02]
 [-4.87771932e-02  7.20756066e-02 -6.34518740e+00  4.20688095e-02
   3.84821353e-02  8.13236610e-05 -6.01876916e-05 -1.25158557e-07
   3.48409638e-08  4.16149250e-11 -6.73242018e-12]] [1.95054622e-17 2.54709099e-07 3.33649909e-19 2.33067587e-21
 2.54700287e-07 2.54707881e-07 5.74672730e-19 2.54709739e-07
 3.63385682e-30 2.54475569e-07]
[8.43580851e-21 1.62842962e-04 5.53557836e-17 4.77024153e-01
 1.32485974e-16 9.70113651e-24 5.22812809e-01 1.94864567e-07
 5.54957080e-14 1.16251041e-13] [[-6.89693137e-02  7.20756066e-02 -6.32324052e+00  4.20688095e-02
   3.84821353e-02  8.13236610e-05 -6.01876916e-05 -1.25158557e-07
   3.48409638e-08  1.57397882e-02 -6.73242018e-12]
 [-6.06183544e-02  7.20756066e-02 -6.32324052e+00  4.20688095e-02
   1.49381655e-02  8.13236610e-05 -6.01876916e-05 -1.25158557e-07
   3.48409638e-08  4.16149250e-11 -6.73242018e-12]
 [-6.06183544e-02  7.20756066e-02 -6.32324052e+00  4.20688095e-02
   3.84821353e-02  8.13236610e-05 -6.01876916e-05 -1.25158557e-07
  -9.03270242e-03  4.16149250e-11 -6.73242018e-12]
 [-6.89693137e-02  7.20756066e-02 -6.32324052e+00  4.51899811e-02
   3.84821353e-02  8.13236610e-05 -6.01876916e-05 -1.25158557e-07
   3.48409638e-08  4.16149250e-11 -6.73242018e-12]
 [-6.06183544e-02  7.20756066e-02 -6.32324052e+00  4.20688095e-02
   3.84821353e-02  8.13236610e-05 -6.01876916e-05 -1.25158557e-07
  -5.83866203e-03  4.16149250e-11 -6.73242018e-12]
 [-6.89693137e-02  7.20756066e-02 -6.32324052e+00  4.20688095e-02
   3.84821353e-02  8.13236610e-05 -6.01876916e-05 -1.25158557e-07
   3.48409638e-08  4.16149250e-11 -9.95646920e-03]
 [-4.81164074e-02  7.20756066e-02 -6.32324052e+00  4.20688095e-02
   3.84821353e-02  8.13236610e-05 -6.01876916e-05 -1.25158557e-07
   3.48409638e-08  4.16149250e-11 -6.73242018e-12]
 [-6.06183544e-02  7.20756066e-02 -6.32324052e+00  4.20688095e-02
   3.84821353e-02 -1.48674845e-02 -6.01876916e-05 -1.25158557e-07
   3.48409638e-08  4.16149250e-11 -6.73242018e-12]
 [-6.06183544e-02  7.20756066e-02 -6.32324052e+00  4.20688095e-02
   3.84821353e-02  8.13236610e-05 -6.01876916e-05 -1.32182006e-02
   3.48409638e-08  4.16149250e-11 -6.73242018e-12]
 [-6.06183544e-02  7.20756066e-02 -6.32324052e+00  4.20688095e-02
   3.84821353e-02  8.13236610e-05 -6.01876916e-05  9.13257867e-03
   3.48409638e-08  4.16149250e-11 -6.73242018e-12]] [4.10982490e-27 7.93351411e-11 2.69686750e-23 2.32400456e-07
 6.45455801e-23 4.72627755e-30 2.54708140e-07 9.49356836e-14
 2.70368445e-20 5.66361153e-20]
[3.21634043e-01 4.38500183e-01 2.56610631e-07 2.56444460e-24
 1.96579201e-04 4.31389174e-04 1.11958527e-09 2.38928732e-01
 3.08815141e-04 4.91087761e-14] [[-4.81164074e-02  7.20756066e-02 -6.32324052e+00  5.19613580e-02
   3.84821353e-02  8.13236610e-05 -6.01876916e-05 -1.25158557e-07
   3.48409638e-08  4.16149250e-11 -6.73242018e-12]
 [-6.73649923e-02  7.20756066e-02 -6.32324052e+00  4.51899811e-02
   3.84821353e-02  8.13236610e-05 -6.01876916e-05 -1.25158557e-07
   3.48409638e-08  4.16149250e-11 -6.73242018e-12]
 [-6.89693137e-02  7.20756066e-02 -6.32324052e+00  4.51899811e-02
   3.84821353e-02 -1.24102831e-02 -6.01876916e-05 -1.25158557e-07
   3.48409638e-08  4.16149250e-11 -6.73242018e-12]
 [-6.89693137e-02  7.20756066e-02 -6.32324052e+00  4.51899811e-02
   3.84821353e-02  8.13236610e-05 -6.01876916e-05 -1.25158557e-07
   3.48409638e-08  4.16149250e-11  1.85667043e-02]
 [-6.89693137e-02  7.20756066e-02 -6.32324052e+00  4.51899811e-02
   5.90648660e-02  8.13236610e-05 -6.01876916e-05 -1.25158557e-07
   3.48409638e-08  4.16149250e-11 -6.73242018e-12]
 [-4.81164074e-02  7.20756066e-02 -6.32324052e+00  4.20688095e-02
   2.46300131e-02  8.13236610e-05 -6.01876916e-05 -1.25158557e-07
   3.48409638e-08  4.16149250e-11 -6.73242018e-12]
 [-4.81164074e-02  7.20756066e-02 -6.32324052e+00  4.20688095e-02
   3.84821353e-02  8.13236610e-05  4.05729036e-03 -1.25158557e-07
   3.48409638e-08  4.16149250e-11 -6.73242018e-12]
 [-6.89693137e-02  7.20756066e-02 -6.32324052e+00  1.89300156e-02
   3.84821353e-02  8.13236610e-05 -6.01876916e-05 -1.25158557e-07
   3.48409638e-08  4.16149250e-11 -6.73242018e-12]
 [-6.89693137e-02  7.20756066e-02 -6.32324052e+00  4.20688095e-02
   2.21023924e-02  8.13236610e-05 -6.01876916e-05 -1.25158557e-07
   3.48409638e-08  4.16149250e-11 -6.73242018e-12]
 [-6.89693137e-02  7.20756066e-02 -6.32324052e+00  4.51899811e-02
   3.84821353e-02  8.13236610e-05 -6.01876916e-05 -1.34721604e-02
   3.48409638e-08  4.16149250e-11 -6.73242018e-12]] [1.70462549e-07 2.32400334e-07 1.36000847e-13 1.35912778e-30
 1.04184841e-10 2.28631576e-10 5.93368030e-16 1.26629633e-07
 1.63668670e-10 2.60271178e-20]
[4.70953203e-07 2.27209106e-04 4.01840371e-17 3.51085842e-11
 4.19837761e-11 3.39206389e-06 3.33256547e-01 3.33256591e-01
 3.33255790e-01 2.74689748e-20] [[-4.81164074e-02  7.20756066e-02 -6.32324052e+00  5.19613580e-02
   3.84821353e-02  9.45654556e-03 -6.01876916e-05 -1.25158557e-07
   3.48409638e-08  4.16149250e-11 -6.73242018e-12]
 [-4.81164074e-02  7.20756066e-02 -6.32324052e+00  5.19613580e-02
   1.89771463e-02  8.13236610e-05 -6.01876916e-05 -1.25158557e-07
   3.48409638e-08  4.16149250e-11 -6.73242018e-12]
 [-4.81164074e-02  7.20756066e-02 -6.32324052e+00  5.19613580e-02
   3.84821353e-02  8.13236610e-05 -6.01876916e-05 -1.25158557e-07
  -1.03465752e-02  4.16149250e-11 -6.73242018e-12]
 [-4.81164074e-02  7.20756066e-02 -6.32324052e+00  5.19613580e-02
   3.84821353e-02  8.13236610e-05 -6.01876916e-05 -5.13008254e-04
   3.48409638e-08  4.16149250e-11 -6.73242018e-12]
 [-4.81164074e-02  7.20756066e-02 -6.32324052e+00  5.19613580e-02
   3.84821353e-02  8.13236610e-05 -2.17036310e-02 -1.25158557e-07
   3.48409638e-08  4.16149250e-11 -6.73242018e-12]
 [-4.81164074e-02  7.20756066e-02 -6.32324052e+00  5.19613580e-02
   3.84821353e-02  3.56993474e-03 -6.01876916e-05 -1.25158557e-07
   3.48409638e-08  4.16149250e-11 -6.73242018e-12]
 [-3.64284497e-02  7.20756066e-02 -6.32324052e+00  5.19613580e-02
   3.84821353e-02  8.13236610e-05 -6.01876916e-05 -1.25158557e-07
   3.48409638e-08  4.16149250e-11 -6.73242018e-12]
 [-3.68343949e-02  7.20756066e-02 -6.32324052e+00  5.19613580e-02
   3.84821353e-02  8.13236610e-05 -6.01876916e-05 -1.25158557e-07
   3.48409638e-08  4.16149250e-11 -6.73242018e-12]
 [-2.94338501e-02  7.20756066e-02 -6.32324052e+00  5.19613580e-02
   3.84821353e-02  8.13236610e-05 -6.01876916e-05 -1.25158557e-07
   3.48409638e-08  4.16149250e-11 -6.73242018e-12]
 [-4.81164074e-02  7.20756066e-02 -6.32324052e+00  5.19613580e-02
   3.84821353e-02  8.13236610e-05 -6.01876916e-05 -1.25158557e-07
   3.48409638e-08 -8.51265427e-03 -6.73242018e-12]] [2.40894229e-13 1.16218261e-10 2.05542771e-23 1.79581650e-17
 2.14748499e-17 1.73505267e-12 1.70461902e-07 1.70461925e-07
 1.70461515e-07 1.40504778e-26]
[1.63177929e-07 8.74179172e-11 1.30913716e-22 3.02750376e-01
 3.03261080e-01 2.77358149e-04 7.31916939e-18 3.02902640e-01
 9.08083833e-02 4.60274242e-21] [[-3.64284497e-02  7.20756066e-02 -6.32324052e+00  5.19613580e-02
   3.84821353e-02 -1.51228554e-02 -6.01876916e-05 -1.25158557e-07
   3.48409638e-08  4.16149250e-11 -6.73242018e-12]
 [-3.64284497e-02  7.20756066e-02 -6.32324052e+00  5.19613580e-02
   3.84821353e-02  8.13236610e-05  1.42395701e-02 -1.25158557e-07
   3.48409638e-08  4.16149250e-11 -6.73242018e-12]
 [-3.68343949e-02  7.20756066e-02 -6.32324052e+00  5.19613580e-02
   3.84821353e-02  8.13236610e-05 -6.01876916e-05 -1.25158557e-07
   3.48409638e-08  4.16149250e-11 -2.52179733e-03]
 [-3.68343949e-02  9.70163853e-02 -6.32324052e+00  5.19613580e-02
   3.84821353e-02  8.13236610e-05 -6.01876916e-05 -1.25158557e-07
   3.48409638e-08  4.16149250e-11 -6.73242018e-12]
 [-3.64284497e-02  7.20756066e-02 -6.32813312e+00  5.19613580e-02
   3.84821353e-02  8.13236610e-05 -6.01876916e-05 -1.25158557e-07
   3.48409638e-08  4.16149250e-11 -6.73242018e-12]
 [-3.68343949e-02  7.20756066e-02 -6.32324052e+00  5.19613580e-02
   2.16493073e-02  8.13236610e-05 -6.01876916e-05 -1.25158557e-07
   3.48409638e-08  4.16149250e-11 -6.73242018e-12]
 [-3.68343949e-02  7.20756066e-02 -6.32324052e+00  5.19613580e-02
   3.84821353e-02  8.13236610e-05 -6.01876916e-05 -1.25158557e-07
   2.31130218e-02  4.16149250e-11 -6.73242018e-12]
 [-3.74745204e-02  7.20756066e-02 -6.32324052e+00  5.19613580e-02
   3.84821353e-02  8.13236610e-05 -6.01876916e-05 -1.25158557e-07
   3.48409638e-08  4.16149250e-11 -6.73242018e-12]
 [-3.68343949e-02  7.20756066e-02 -6.32324052e+00  7.58876342e-02
   3.84821353e-02  8.13236610e-05 -6.01876916e-05 -1.25158557e-07
   3.48409638e-08  4.16149250e-11 -6.73242018e-12]
 [-3.68343949e-02  7.20756066e-02 -6.32324052e+00  5.19613580e-02
   3.84821353e-02  8.13236610e-05 -6.01876916e-05 -1.25158557e-07
   3.48409638e-08 -1.98262235e-02 -6.73242018e-12]] [9.18302650e-14 4.91954428e-17 7.36732061e-29 1.70376272e-07
 1.70663676e-07 1.56086503e-10 4.11894714e-24 1.70461960e-07
 5.11034668e-08 2.59024647e-27]
[2.54456934e-03 2.92960039e-14 3.33067389e-01 1.84124026e-06
 2.67699358e-07 6.76926859e-08 3.31236195e-01 1.46318300e-24
 1.01412779e-16 3.33149670e-01] [[-3.64284497e-02  7.20756066e-02 -6.32324052e+00  5.19613580e-02
   3.26575050e-02  8.13236610e-05 -6.01876916e-05 -1.25158557e-07
   3.48409638e-08  4.16149250e-11 -6.73242018e-12]
 [-3.74745204e-02  7.20756066e-02 -6.32813312e+00  5.19613580e-02
   3.84821353e-02  8.13236610e-05 -6.01876916e-05 -1.77402151e-02
   3.48409638e-08  4.16149250e-11 -6.73242018e-12]
 [-3.74745204e-02  7.62679134e-02 -6.32813312e+00  5.19613580e-02
   3.84821353e-02  8.13236610e-05 -6.01876916e-05 -1.25158557e-07
   3.48409638e-08  4.16149250e-11 -6.73242018e-12]
 [-3.74745204e-02  7.20756066e-02 -6.32813312e+00  5.19613580e-02
   3.84821353e-02  4.81517045e-03 -6.01876916e-05 -1.25158557e-07
   3.48409638e-08  4.16149250e-11 -6.73242018e-12]
 [-3.74745204e-02  7.20756066e-02 -6.32813312e+00  5.19613580e-02
   3.84821353e-02 -1.23607557e-02 -6.01876916e-05 -1.25158557e-07
   3.48409638e-08  4.16149250e-11 -6.73242018e-12]
 [-3.74745204e-02  7.20756066e-02 -6.32813312e+00  5.19613580e-02
   3.84821353e-02  2.48016023e-02 -6.01876916e-05 -1.25158557e-07
   3.48409638e-08  4.16149250e-11 -6.73242018e-12]
 [-3.74745204e-02  7.20756066e-02 -6.30640565e+00  5.19613580e-02
   3.84821353e-02  8.13236610e-05 -6.01876916e-05 -1.25158557e-07
   3.48409638e-08  4.16149250e-11 -6.73242018e-12]
 [-3.74745204e-02  7.20756066e-02 -6.32813312e+00  5.19613580e-02
   3.84821353e-02  8.13236610e-05 -6.01876916e-05 -1.25158557e-07
   3.48409638e-08  4.16149250e-11  2.49993883e-02]
 [-3.74745204e-02  7.20756066e-02 -6.32813312e+00  5.19613580e-02
   3.84821353e-02  8.13236610e-05 -6.01876916e-05 -1.25158557e-07
  -6.50750121e-03  4.16149250e-11 -6.73242018e-12]
 [-3.74745204e-02  6.39816147e-02 -6.32813312e+00  5.19613580e-02
   3.84821353e-02  8.13236610e-05 -6.01876916e-05 -1.25158557e-07
   3.48409638e-08  4.16149250e-11 -6.73242018e-12]] [1.30372745e-09 1.50100073e-20 1.70649348e-07 9.43372001e-13
 1.37157591e-13 3.46828091e-14 1.69711123e-07 7.49671787e-31
 5.19595285e-23 1.70691504e-07]
[5.61280590e-18 2.58076137e-01 2.58612238e-01 8.48475839e-02
 4.66479112e-14 5.50308788e-08 3.98327017e-01 2.38796914e-20
 7.71507685e-07 1.36198081e-04] [[-3.74745204e-02  7.62679134e-02 -6.32813312e+00  5.19613580e-02
   3.84821353e-02  8.13236610e-05 -6.01876916e-05 -1.25158557e-07
  -2.43401383e-02  4.16149250e-11 -6.73242018e-12]
 [-3.74745204e-02  4.02628194e-02 -6.32813312e+00  5.19613580e-02
   3.84821353e-02  8.13236610e-05 -6.01876916e-05 -1.25158557e-07
   3.48409638e-08  4.16149250e-11 -6.73242018e-12]
 [-3.74745204e-02  6.39816147e-02 -6.33940356e+00  5.19613580e-02
   3.84821353e-02  8.13236610e-05 -6.01876916e-05 -1.25158557e-07
   3.48409638e-08  4.16149250e-11 -6.73242018e-12]
 [-3.74745204e-02  6.39816147e-02 -6.32813312e+00  7.37645474e-02
   3.84821353e-02  8.13236610e-05 -6.01876916e-05 -1.25158557e-07
   3.48409638e-08  4.16149250e-11 -6.73242018e-12]
 [-3.74745204e-02  6.39816147e-02 -6.32813312e+00  5.19613580e-02
   3.84821353e-02  8.13236610e-05 -6.01876916e-05  1.23705794e-02
   3.48409638e-08  4.16149250e-11 -6.73242018e-12]
 [-3.74745204e-02  7.62679134e-02 -6.32813312e+00  5.19613580e-02
   3.84821353e-02  2.42063893e-02 -6.01876916e-05 -1.25158557e-07
   3.48409638e-08  4.16149250e-11 -6.73242018e-12]
 [-3.74745204e-02  6.39816147e-02 -6.32813312e+00  3.98981302e-02
   3.84821353e-02  8.13236610e-05 -6.01876916e-05 -1.25158557e-07
   3.48409638e-08  4.16149250e-11 -6.73242018e-12]
 [-3.74745204e-02  6.39816147e-02 -6.32813312e+00  5.19613580e-02
   3.84821353e-02  8.13236610e-05 -6.01876916e-05 -1.25158557e-07
   3.48409638e-08  8.02713714e-03 -6.73242018e-12]
 [-3.74745204e-02  7.62679134e-02 -6.32813312e+00  5.19613580e-02
   3.84821353e-02 -6.37134797e-03 -6.01876916e-05 -1.25158557e-07
   3.48409638e-08  4.16149250e-11 -6.73242018e-12]
 [-3.74745204e-02  6.39816147e-02 -6.32813312e+00  5.19613580e-02
   6.05708472e-02  8.13236610e-05 -6.01876916e-05 -1.25158557e-07
   3.48409638e-08  4.16149250e-11 -6.73242018e-12]] [3.71407816e-24 1.70772865e-07 1.71127611e-07 5.61449236e-08
 3.08676251e-20 3.64147609e-14 2.63578984e-07 1.58015513e-26
 5.10518250e-13 9.01243209e-11]
7.18869191249662e+22 9.867944782005391e+22
591411.0551267619 2632160.088266938
573361.3534633404 2635115.5054889596
2519279.4294343414 7645884.916948715
8.655162012772931e+18 1.187062012746653e+19
7336974568585.881 10062208375663.348
757024.6747090619 1518452.2577677108
1.6861307367687526e+25 2.321180916548965e+25
524449713346.7601 717172060614.8461
3044549429.589982 4025617296.647312