 0.0005
 
                tra:  736027.4484571546 val:  1522484.9403991173 i:  0
                tra:  736013.5008686467 val:  1522487.922698461 i:  1
                tra:  736837.6332155529 val:  1521989.9656318729 i:  2
                tra:  712935.3526089458 val:  1546825.022173426 i:  3
                tra:  3875140.280754707 val:  2283115.971922613 i:  4
                tra:  3106879418.5236435 val:  4386463515.319346 i:  5
                tra:  6642107233845.744 val:  9103584980504.2 i:  6
                tra:  1.4139158996404836e+16 val:  1.939223742801867e+16 i:  7
                tra:  3.0334905911556776e+19 val:  4.164082500300766e+19 i:  8
                tra:  736027.0911229656 val:  1522484.866505989 i:  9
                [1.84459961e-01 1.84460467e-01 1.84460794e-01 1.83480500e-01
                7.86202984e-02 5.79622088e-05 2.76799023e-08 1.29968985e-11
                6.05426743e-15 1.84459989e-01] [[ 4.12120141e-01  8.28840025e-01 -6.32813312e+00  3.98981302e-02
                3.84821353e-02  8.13236610e-05 -6.01876916e-05 -1.25158557e-07
                3.48409638e-08  4.16149250e-11 -6.73242018e-12]
                [ 4.11620141e-01  8.29340025e-01 -6.32813312e+00  3.98981302e-02
                3.84821353e-02  8.13236610e-05 -6.01876916e-05 -1.25158557e-07
                3.48409638e-08  4.16149250e-11 -6.73242018e-12]
                [ 4.11620141e-01  8.28840025e-01 -6.32763312e+00  3.98981302e-02
                3.84821353e-02  8.13236610e-05 -6.01876916e-05 -1.25158557e-07
                3.48409638e-08  4.16149250e-11 -6.73242018e-12]
                [ 4.11620141e-01  8.28840025e-01 -6.32813312e+00  4.03981302e-02
                3.84821353e-02  8.13236610e-05 -6.01876916e-05 -1.25158557e-07
                3.48409638e-08  4.16149250e-11 -6.73242018e-12]
                [ 4.11620141e-01  8.28840025e-01 -6.32813312e+00  3.98981302e-02
                3.89821353e-02  8.13236610e-05 -6.01876916e-05 -1.25158557e-07
                3.48409638e-08  4.16149250e-11 -6.73242018e-12]
                [ 4.11620141e-01  8.28840025e-01 -6.32813312e+00  3.98981302e-02
                3.84821353e-02  5.81323661e-04 -6.01876916e-05 -1.25158557e-07
                3.48409638e-08  4.16149250e-11 -6.73242018e-12]
                [ 4.11620141e-01  8.28840025e-01 -6.32813312e+00  3.98981302e-02
                3.84821353e-02  8.13236610e-05  4.39812308e-04 -1.25158557e-07
                3.48409638e-08  4.16149250e-11 -6.73242018e-12]
                [ 4.11620141e-01  8.28840025e-01 -6.32813312e+00  3.98981302e-02
                3.84821353e-02  8.13236610e-05 -6.01876916e-05  4.99874841e-04
                3.48409638e-08  4.16149250e-11 -6.73242018e-12]
                [ 4.11620141e-01  8.28840025e-01 -6.32813312e+00  3.98981302e-02
                3.84821353e-02  8.13236610e-05 -6.01876916e-05 -1.25158557e-07
                5.00034841e-04  4.16149250e-11 -6.73242018e-12]
                [ 4.11620141e-01  8.28840025e-01 -6.32813312e+00  3.98981302e-02
                3.84821353e-02  8.13236610e-05 -6.01876916e-05 -1.25158557e-07
                3.48409638e-08  4.16149250e-11 -6.73242018e-12]] [1.01827736e-07 1.01828015e-07 1.01828196e-07 1.01287043e-07
                4.34008927e-08 3.19969735e-11 1.52801820e-14 7.17469927e-18
                3.34214721e-21 1.01827751e-07]






                tra:  6.541990231856083e+22 val:  9.00591078276138e+22 i:  9
                tra:  1.4162482274119196e+26 val:  1.959840609430299e+26 i:  10
                [1.25000000e-01 1.25000000e-01 1.25000000e-01 1.25000000e-01
                1.89862074e-18 8.73838104e-22 1.25000000e-01 1.25000000e-01
                1.25000000e-01 1.25000000e-01] [[ 4.11620141e-01  8.28840025e-01 -6.32813312e+00  3.98981302e-02
                3.84821353e-02  8.13236610e-05 -6.01876916e-05 -1.25158557e-07
                3.48409638e-08  4.16149250e-11 -6.73242018e-12]
                [ 4.11620141e-01  8.28840025e-01 -6.32813312e+00  3.98981302e-02
                3.84821353e-02  8.13236610e-05 -6.01876916e-05 -1.25158557e-07
                3.48409638e-08  4.16149250e-11 -6.73242018e-12]
                [ 4.11620141e-01  8.28840025e-01 -6.32813312e+00  3.98981302e-02
                3.84821353e-02  8.13236610e-05 -6.01876916e-05 -1.25158557e-07
                3.48409638e-08  4.16149250e-11 -6.73242018e-12]
                [ 4.11620141e-01  8.28840025e-01 -6.32813312e+00  3.98981302e-02
                3.84821353e-02  8.13236610e-05 -6.01876916e-05 -1.25158557e-07
                3.48409638e-08  4.16149250e-11 -6.73242018e-12]
                [ 4.11620141e-01  8.28840025e-01 -6.32813312e+00  3.98981302e-02
                3.84821353e-02  8.13236610e-05 -6.01876916e-05 -1.25158557e-07
                3.48409638e-08  5.00000042e-04 -6.73242018e-12]
                [ 4.11620141e-01  8.28840025e-01 -6.32813312e+00  3.98981302e-02
                3.84821353e-02  8.13236610e-05 -6.01876916e-05 -1.25158557e-07
                3.48409638e-08  4.16149250e-11  4.99999993e-04]
                [ 4.11620141e-01  8.28840025e-01 -6.32813312e+00  3.98981302e-02
                3.84821353e-02  8.13236610e-05 -6.01876916e-05 -1.25158557e-07
                3.48409638e-08  4.16149250e-11 -6.73242018e-12]
                [ 4.11620141e-01  8.28840025e-01 -6.32813312e+00  3.98981302e-02
                3.84821353e-02  8.13236610e-05 -6.01876916e-05 -1.25158557e-07
                3.48409638e-08  4.16149250e-11 -6.73242018e-12]
                [ 4.11620141e-01  8.28840025e-01 -6.32813312e+00  3.98981302e-02
                3.84821353e-02  8.13236610e-05 -6.01876916e-05 -1.25158557e-07
                3.48409638e-08  4.16149250e-11 -6.73242018e-12]
                [ 4.11620141e-01  8.28840025e-01 -6.32813312e+00  3.98981302e-02
                3.84821353e-02  8.13236610e-05 -6.01876916e-05 -1.25158557e-07
                3.48409638e-08  4.16149250e-11 -6.73242018e-12]] [1.01827751e-07 1.01827751e-07 1.01827751e-07 1.01827751e-07
                1.54665824e-24 7.11847751e-28 1.01827751e-07 1.01827751e-07
                1.01827751e-07 1.01827751e-07]


0.5

    tra: 736384.6750751268 val:  1522559.0093711023 i:  0
tra: 722663.0445473233 val:  1525841.5635449856 i:  1
[0.09996299 0.10021554 0.09997768 0.09997768 0.09997768 0.09997768
 0.09997768 0.09997768 0.09997768 0.09997768] [[ 9.11620141e-01  8.28840025e-01 -6.32813312e+00  3.98981302e-02
   3.84821353e-02  8.13236610e-05 -6.01876916e-05 -1.25158557e-07
   3.48409638e-08  4.16149250e-11 -6.73242018e-12]
 [ 4.11620141e-01  1.32884002e+00 -6.32813312e+00  3.98981302e-02
   3.84821353e-02  8.13236610e-05 -6.01876916e-05 -1.25158557e-07
   3.48409638e-08  4.16149250e-11 -6.73242018e-12]
 [ 4.11620141e-01  8.28840025e-01 -6.32813312e+00  3.98981302e-02
   3.84821353e-02  8.13236610e-05 -6.01876916e-05 -1.25158557e-07
   3.48409638e-08  4.16149250e-11 -6.73242018e-12]
 [ 4.11620141e-01  8.28840025e-01 -6.32813312e+00  3.98981302e-02
   3.84821353e-02  8.13236610e-05 -6.01876916e-05 -1.25158557e-07
   3.48409638e-08  4.16149250e-11 -6.73242018e-12]
 [ 4.11620141e-01  8.28840025e-01 -6.32813312e+00  3.98981302e-02
   3.84821353e-02  8.13236610e-05 -6.01876916e-05 -1.25158557e-07
   3.48409638e-08  4.16149250e-11 -6.73242018e-12]
 [ 4.11620141e-01  8.28840025e-01 -6.32813312e+00  3.98981302e-02
   3.84821353e-02  8.13236610e-05 -6.01876916e-05 -1.25158557e-07
   3.48409638e-08  4.16149250e-11 -6.73242018e-12]
 [ 4.11620141e-01  8.28840025e-01 -6.32813312e+00  3.98981302e-02
   3.84821353e-02  8.13236610e-05 -6.01876916e-05 -1.25158557e-07
   3.48409638e-08  4.16149250e-11 -6.73242018e-12]
 [ 4.11620141e-01  8.28840025e-01 -6.32813312e+00  3.98981302e-02
   3.84821353e-02  8.13236610e-05 -6.01876916e-05 -1.25158557e-07
   3.48409638e-08  4.16149250e-11 -6.73242018e-12]
 [ 4.11620141e-01  8.28840025e-01 -6.32813312e+00  3.98981302e-02
   3.84821353e-02  8.13236610e-05 -6.01876916e-05 -1.25158557e-07
   3.48409638e-08  4.16149250e-11 -6.73242018e-12]
 [ 4.11620141e-01  8.28840025e-01 -6.32813312e+00  3.98981302e-02
   3.84821353e-02  8.13236610e-05 -6.01876916e-05 -1.25158557e-07
   3.48409638e-08  4.16149250e-11 -6.73242018e-12]] [1.01812786e-07 1.02070011e-07 1.01827751e-07 1.01827751e-07
 1.01827751e-07 1.01827751e-07 1.01827751e-07 1.01827751e-07
 1.01827751e-07 1.01827751e-07]



5

tra: 739625.4306445771 val:  1523248.7951571215 i:  0
tra: 622765.7013415288 val:  1583124.320645926 i:  1
tra: 48012544.741403356 val:  48369944.84164585 i:  2
[0.11060555 0.11118438 0.00281901 0.11077015 0.11077015 0.11077015
 0.11077015 0.11077015 0.11077015 0.11077015] [[ 5.41162014e+00  8.28840025e-01 -6.32813312e+00  3.98981302e-02
   3.84821353e-02  8.13236610e-05 -6.01876916e-05 -1.25158557e-07
   3.48409638e-08  4.16149250e-11 -6.73242018e-12]
 [ 4.11620141e-01  5.82884002e+00 -6.32813312e+00  3.98981302e-02
   3.84821353e-02  8.13236610e-05 -6.01876916e-05 -1.25158557e-07
   3.48409638e-08  4.16149250e-11 -6.73242018e-12]
 [ 4.11620141e-01  8.28840025e-01 -1.32813312e+00  3.98981302e-02
   3.84821353e-02  8.13236610e-05 -6.01876916e-05 -1.25158557e-07
   3.48409638e-08  4.16149250e-11 -6.73242018e-12]
 [ 4.11620141e-01  8.28840025e-01 -6.32813312e+00  3.98981302e-02
   3.84821353e-02  8.13236610e-05 -6.01876916e-05 -1.25158557e-07
   3.48409638e-08  4.16149250e-11 -6.73242018e-12]
 [ 4.11620141e-01  8.28840025e-01 -6.32813312e+00  3.98981302e-02
   3.84821353e-02  8.13236610e-05 -6.01876916e-05 -1.25158557e-07
   3.48409638e-08  4.16149250e-11 -6.73242018e-12]
 [ 4.11620141e-01  8.28840025e-01 -6.32813312e+00  3.98981302e-02
   3.84821353e-02  8.13236610e-05 -6.01876916e-05 -1.25158557e-07
   3.48409638e-08  4.16149250e-11 -6.73242018e-12]
 [ 4.11620141e-01  8.28840025e-01 -6.32813312e+00  3.98981302e-02
   3.84821353e-02  8.13236610e-05 -6.01876916e-05 -1.25158557e-07
   3.48409638e-08  4.16149250e-11 -6.73242018e-12]
 [ 4.11620141e-01  8.28840025e-01 -6.32813312e+00  3.98981302e-02
   3.84821353e-02  8.13236610e-05 -6.01876916e-05 -1.25158557e-07
   3.48409638e-08  4.16149250e-11 -6.73242018e-12]
 [ 4.11620141e-01  8.28840025e-01 -6.32813312e+00  3.98981302e-02
   3.84821353e-02  8.13236610e-05 -6.01876916e-05 -1.25158557e-07
   3.48409638e-08  4.16149250e-11 -6.73242018e-12]
 [ 4.11620141e-01  8.28840025e-01 -6.32813312e+00  3.98981302e-02
   3.84821353e-02  8.13236610e-05 -6.01876916e-05 -1.25158557e-07
   3.48409638e-08  4.16149250e-11 -6.73242018e-12]] [1.01676438e-07 1.02208535e-07 2.59142980e-09 1.01827751e-07
 1.01827751e-07 1.01827751e-07 1.01827751e-07 1.01827751e-07
 1.01827751e-07 1.01827751e-07]



0.00005:
        tra: 736027.1268563609 val:  1522484.8738952572 i:  0
        tra: 736025.732077154 val:  1522485.1720981658 i:  1
        tra: 736108.1100747015 val:  1522435.3297971033 i:  2
        tra: 733650.069948351 val:  1524827.5533841515 i:  3
        tra: 913081.6629944915 val:  1411915.4189585154 i:  4
        tra: 27762631.40176516 val:  51330762.554574005 i:  5
        tra: 66718070678.930504 val:  90776674841.23476 i:  6
        tra: 141383723554782.6 val:  193937282459067.53 i:  7
        tra: 3.033496721516894e+17 val:  4.164076845982592e+17 i:  8
        [1.65819575e-01 1.65819620e-01 1.65819655e-01 1.65742240e-01
        1.66186514e-01 4.79032744e-03 2.48981423e-06 1.16830835e-09
        5.44246156e-13 1.65819577e-01] [[ 4.11670141e-01  8.28840025e-01 -6.32813312e+00  3.98981302e-02
        3.84821353e-02  8.13236610e-05 -6.01876916e-05 -1.25158557e-07
        3.48409638e-08  4.16149250e-11 -6.73242018e-12]
        [ 4.11620141e-01  8.28890025e-01 -6.32813312e+00  3.98981302e-02
        3.84821353e-02  8.13236610e-05 -6.01876916e-05 -1.25158557e-07
        3.48409638e-08  4.16149250e-11 -6.73242018e-12]
        [ 4.11620141e-01  8.28840025e-01 -6.32808312e+00  3.98981302e-02
        3.84821353e-02  8.13236610e-05 -6.01876916e-05 -1.25158557e-07
        3.48409638e-08  4.16149250e-11 -6.73242018e-12]
        [ 4.11620141e-01  8.28840025e-01 -6.32813312e+00  3.99481302e-02
        3.84821353e-02  8.13236610e-05 -6.01876916e-05 -1.25158557e-07
        3.48409638e-08  4.16149250e-11 -6.73242018e-12]
        [ 4.11620141e-01  8.28840025e-01 -6.32813312e+00  3.98981302e-02
        3.85321353e-02  8.13236610e-05 -6.01876916e-05 -1.25158557e-07
        3.48409638e-08  4.16149250e-11 -6.73242018e-12]
        [ 4.11620141e-01  8.28840025e-01 -6.32813312e+00  3.98981302e-02
        3.84821353e-02  1.31323661e-04 -6.01876916e-05 -1.25158557e-07
        3.48409638e-08  4.16149250e-11 -6.73242018e-12]
        [ 4.11620141e-01  8.28840025e-01 -6.32813312e+00  3.98981302e-02
        3.84821353e-02  8.13236610e-05 -1.01876916e-05 -1.25158557e-07
        3.48409638e-08  4.16149250e-11 -6.73242018e-12]
        [ 4.11620141e-01  8.28840025e-01 -6.32813312e+00  3.98981302e-02
        3.84821353e-02  8.13236610e-05 -6.01876916e-05  4.98748414e-05
        3.48409638e-08  4.16149250e-11 -6.73242018e-12]
        [ 4.11620141e-01  8.28840025e-01 -6.32813312e+00  3.98981302e-02
        3.84821353e-02  8.13236610e-05 -6.01876916e-05 -1.25158557e-07
        5.00348410e-05  4.16149250e-11 -6.73242018e-12]
        [ 4.11620141e-01  8.28840025e-01 -6.32813312e+00  3.98981302e-02
        3.84821353e-02  8.13236610e-05 -6.01876916e-05 -1.25158557e-07
        3.48409638e-08  4.16149250e-11 -6.73242018e-12]] [1.01827750e-07 1.01827777e-07 1.01827799e-07 1.01780259e-07
        1.02053083e-07 2.94168082e-09 1.52896412e-12 7.17443705e-16
        3.34214832e-19 1.01827751e-07]


0.000005:
        tra: 736027.0946963067 val:  1522484.8672449472 i:  0
        tra: 736026.9552181796 val:  1522484.8970649387 i:  1
        tra: 736035.1926655603 val:  1522479.9123688461 i:  2
        tra: 735788.7105322726 val:  1522718.2219069223 i:  3
        tra: 752363.9808391918 val:  1509561.596170351 i:  4
        tra: 602810.1738610887 val:  2616454.3817406353 i:  5
        tra: 697536340.9748007 val:  883205786.0476792 i:  6
        tra: 1413051250421.3862 val:  1940864999012.765 i:  7
        tra: 3033558025784850.0 val:  4164020304157373.0 i:  8
        [1.50092432e-01 1.50092436e-01 1.50092439e-01 1.50085529e-01
        1.50331322e-01 9.89868392e-02 2.26465749e-04 1.05711322e-07
        4.92628797e-11 1.50092432e-01] [[ 4.11625141e-01  8.28840025e-01 -6.32813312e+00  3.98981302e-02
        3.84821353e-02  8.13236610e-05 -6.01876916e-05 -1.25158557e-07
        3.48409638e-08  4.16149250e-11 -6.73242018e-12]
        [ 4.11620141e-01  8.28845025e-01 -6.32813312e+00  3.98981302e-02
        3.84821353e-02  8.13236610e-05 -6.01876916e-05 -1.25158557e-07
        3.48409638e-08  4.16149250e-11 -6.73242018e-12]
        [ 4.11620141e-01  8.28840025e-01 -6.32812812e+00  3.98981302e-02
        3.84821353e-02  8.13236610e-05 -6.01876916e-05 -1.25158557e-07
        3.48409638e-08  4.16149250e-11 -6.73242018e-12]
        [ 4.11620141e-01  8.28840025e-01 -6.32813312e+00  3.99031302e-02
        3.84821353e-02  8.13236610e-05 -6.01876916e-05 -1.25158557e-07
        3.48409638e-08  4.16149250e-11 -6.73242018e-12]
        [ 4.11620141e-01  8.28840025e-01 -6.32813312e+00  3.98981302e-02
        3.84871353e-02  8.13236610e-05 -6.01876916e-05 -1.25158557e-07
        3.48409638e-08  4.16149250e-11 -6.73242018e-12]
        [ 4.11620141e-01  8.28840025e-01 -6.32813312e+00  3.98981302e-02
        3.84821353e-02  8.63236610e-05 -6.01876916e-05 -1.25158557e-07
        3.48409638e-08  4.16149250e-11 -6.73242018e-12]
        [ 4.11620141e-01  8.28840025e-01 -6.32813312e+00  3.98981302e-02
        3.84821353e-02  8.13236610e-05 -5.51876916e-05 -1.25158557e-07
        3.48409638e-08  4.16149250e-11 -6.73242018e-12]
        [ 4.11620141e-01  8.28840025e-01 -6.32813312e+00  3.98981302e-02
        3.84821353e-02  8.13236610e-05 -6.01876916e-05  4.87484144e-06
        3.48409638e-08  4.16149250e-11 -6.73242018e-12]
        [ 4.11620141e-01  8.28840025e-01 -6.32813312e+00  3.98981302e-02
        3.84821353e-02  8.13236610e-05 -6.01876916e-05 -1.25158557e-07
        5.03484096e-06  4.16149250e-11 -6.73242018e-12]
        [ 4.11620141e-01  8.28840025e-01 -6.32813312e+00  3.98981302e-02
        3.84821353e-02  8.13236610e-05 -6.01876916e-05 -1.25158557e-07
        3.48409638e-08  4.16149250e-11 -6.73242018e-12]] [1.01827751e-07 1.01827754e-07 1.01827756e-07 1.01823068e-07
        1.01989822e-07 6.71559992e-08 1.53641977e-10 7.17181141e-14
        3.34215935e-17 1.01827751e-07]


0.0000005:  
        tra: 736027.091480301 val:  1522484.866579879 i:  0
        tra: 736027.0775324868 val:  1522484.8695618836 i:  1
        tra: 736027.9012737054 val:  1522484.3710876245 i:  2
        tra: 736003.2462791628 val:  1522508.1929132163 i:  3
        tra: 737647.0944198824 val:  1521173.8762166272 i:  4
        tra: 694346.6259135169 val:  1593013.2354937322 i:  5
        tra: 10666726.966487993 val:  7732495.640066569 i:  6
        tra: 14052569791.708118 val:  19559223966.352753 i:  7
        tra: 30341711340444.188 val:  41634550215585.78 i:  8
        [1.40517241e-01 1.40517241e-01 1.40517241e-01 1.40516595e-01
        1.40541497e-01 1.37334373e-01 1.95287068e-02 9.86003996e-06
        4.61216612e-09 1.40517241e-01] [[ 4.11620641e-01  8.28840025e-01 -6.32813312e+00  3.98981302e-02
        3.84821353e-02  8.13236610e-05 -6.01876916e-05 -1.25158557e-07
        3.48409638e-08  4.16149250e-11 -6.73242018e-12]
        [ 4.11620141e-01  8.28840525e-01 -6.32813312e+00  3.98981302e-02
        3.84821353e-02  8.13236610e-05 -6.01876916e-05 -1.25158557e-07
        3.48409638e-08  4.16149250e-11 -6.73242018e-12]
        [ 4.11620141e-01  8.28840025e-01 -6.32813262e+00  3.98981302e-02
        3.84821353e-02  8.13236610e-05 -6.01876916e-05 -1.25158557e-07
        3.48409638e-08  4.16149250e-11 -6.73242018e-12]
        [ 4.11620141e-01  8.28840025e-01 -6.32813312e+00  3.98986302e-02
        3.84821353e-02  8.13236610e-05 -6.01876916e-05 -1.25158557e-07
        3.48409638e-08  4.16149250e-11 -6.73242018e-12]
        [ 4.11620141e-01  8.28840025e-01 -6.32813312e+00  3.98981302e-02
        3.84826353e-02  8.13236610e-05 -6.01876916e-05 -1.25158557e-07
        3.48409638e-08  4.16149250e-11 -6.73242018e-12]
        [ 4.11620141e-01  8.28840025e-01 -6.32813312e+00  3.98981302e-02
        3.84821353e-02  8.18236610e-05 -6.01876916e-05 -1.25158557e-07
        3.48409638e-08  4.16149250e-11 -6.73242018e-12]
        [ 4.11620141e-01  8.28840025e-01 -6.32813312e+00  3.98981302e-02
        3.84821353e-02  8.13236610e-05 -5.96876916e-05 -1.25158557e-07
        3.48409638e-08  4.16149250e-11 -6.73242018e-12]
        [ 4.11620141e-01  8.28840025e-01 -6.32813312e+00  3.98981302e-02
        3.84821353e-02  8.13236610e-05 -6.01876916e-05  3.74841443e-07
        3.48409638e-08  4.16149250e-11 -6.73242018e-12]
        [ 4.11620141e-01  8.28840025e-01 -6.32813312e+00  3.98981302e-02
        3.84821353e-02  8.13236610e-05 -6.01876916e-05 -1.25158557e-07
        5.34840964e-07  4.16149250e-11 -6.73242018e-12]
        [ 4.11620141e-01  8.28840025e-01 -6.32813312e+00  3.98981302e-02
        3.84821353e-02  8.13236610e-05 -6.01876916e-05 -1.25158557e-07
        3.48409638e-08  4.16149250e-11 -6.73242018e-12]] [1.01827751e-07 1.01827751e-07 1.01827752e-07 1.01827283e-07
        1.01845329e-07 9.95212426e-08 1.41517460e-08 7.14521357e-12
        3.34226961e-15 1.01827751e-07]